^NSEI,20210217,09:15,15279.900390625,15289.849609375,15254.0,15261.5498046875,0
^NSEI,20210217,09:16,15261.2001953125,15271.650390625,15261.2001953125,15267.2001953125,0
^NSEI,20210217,09:17,15263.7998046875,15278.7998046875,15260.400390625,15278.2001953125,0
^NSEI,20210217,09:18,15278.900390625,15285.099609375,15264.7001953125,15264.7001953125,0
^NSEI,20210217,09:19,15262.75,15271.349609375,15257.0498046875,15260.400390625,0
^NSEI,20210217,09:20,15260.25,15263.099609375,15248.650390625,15259.349609375,0
^NSEI,20210217,09:21,15258.5,15260.7998046875,15243.5,15247.9501953125,0
^NSEI,20210217,09:22,15249.25,15257.349609375,15245.75,15254.849609375,0
^NSEI,20210217,09:23,15255.5498046875,15256.7001953125,15248.4501953125,15255.849609375,0
^NSEI,20210217,09:24,15252.25,15270.4501953125,15251.650390625,15267.400390625,0
^NSEI,20210217,09:25,15265.7998046875,15267.4501953125,15254.849609375,15263.0498046875,0
^NSEI,20210217,09:26,15264.4501953125,15275.7001953125,15260.900390625,15274.400390625,0
^NSEI,20210217,09:27,15272.900390625,15274.0498046875,15268.4501953125,15269.4501953125,0
^NSEI,20210217,09:28,15267.7998046875,15269.4501953125,15261.9501953125,15264.599609375,0
^NSEI,20210217,09:29,15264.0498046875,15269.099609375,15263.4501953125,15266.2998046875,0
^NSEI,20210217,09:30,15265.849609375,15267.900390625,15246.4501953125,15246.4501953125,0
^NSEI,20210217,09:31,15247.599609375,15250.400390625,15233.150390625,15233.150390625,0
^NSEI,20210217,09:32,15233.650390625,15237.400390625,15229.400390625,15236.7998046875,0
^NSEI,20210217,09:33,15237.0,15237.0,15228.7001953125,15233.2998046875,0
^NSEI,20210217,09:34,15233.25,15241.5,15228.849609375,15229.2001953125,0
^NSEI,20210217,09:35,15227.349609375,15231.400390625,15220.5498046875,15229.7998046875,0
^NSEI,20210217,09:36,15230.0,15232.0498046875,15215.4501953125,15217.4501953125,0
^NSEI,20210217,09:37,15218.0,15221.650390625,15214.400390625,15217.9501953125,0
^NSEI,20210217,09:38,15217.849609375,15231.9501953125,15217.849609375,15229.4501953125,0
^NSEI,20210217,09:39,15229.9501953125,15236.650390625,15225.2001953125,15225.25,0
^NSEI,20210217,09:40,15222.7998046875,15229.650390625,15215.25,15229.650390625,0
^NSEI,20210217,09:41,15229.650390625,15234.25,15228.25,15233.0498046875,0
^NSEI,20210217,09:42,15233.2998046875,15233.849609375,15227.7001953125,15228.5498046875,0
^NSEI,20210217,09:43,15229.0,15239.5,15228.349609375,15237.5,0
^NSEI,20210217,09:44,15238.099609375,15239.849609375,15233.4501953125,15234.349609375,0
^NSEI,20210217,09:45,15233.349609375,15238.900390625,15229.2998046875,15238.5,0
^NSEI,20210217,09:46,15239.9501953125,15240.650390625,15231.349609375,15232.5498046875,0
^NSEI,20210217,09:47,15232.400390625,15238.150390625,15228.349609375,15238.0498046875,0
^NSEI,20210217,09:48,15237.400390625,15237.400390625,15221.849609375,15223.400390625,0
^NSEI,20210217,09:49,15223.849609375,15231.0498046875,15222.849609375,15227.7001953125,0
^NSEI,20210217,09:50,15227.75,15234.900390625,15226.0,15233.099609375,0
^NSEI,20210217,09:51,15233.150390625,15234.9501953125,15226.7998046875,15234.9501953125,0
^NSEI,20210217,09:52,15234.5,15240.7998046875,15231.349609375,15237.0,0
^NSEI,20210217,09:53,15237.4501953125,15238.099609375,15233.25,15233.349609375,0
^NSEI,20210217,09:54,15234.7998046875,15235.7998046875,15227.599609375,15230.099609375,0
^NSEI,20210217,09:55,15229.4501953125,15231.150390625,15224.099609375,15225.5498046875,0
^NSEI,20210217,09:56,15224.75,15224.9501953125,15221.75,15224.4501953125,0
^NSEI,20210217,09:57,15224.650390625,15235.25,15223.849609375,15235.25,0
^NSEI,20210217,09:58,15235.900390625,15236.849609375,15230.650390625,15233.849609375,0
^NSEI,20210217,09:59,15234.25,15236.7998046875,15226.0498046875,15226.0498046875,0
^NSEI,20210217,10:00,15224.7001953125,15225.0498046875,15217.150390625,15218.0498046875,0
^NSEI,20210217,10:01,15219.099609375,15220.599609375,15204.75,15205.599609375,0
^NSEI,20210217,10:02,15206.0,15214.2998046875,15201.2998046875,15214.2998046875,0
^NSEI,20210217,10:03,15214.0498046875,15214.5,15208.5498046875,15213.900390625,0
^NSEI,20210217,10:04,15217.150390625,15220.4501953125,15212.75,15219.400390625,0
^NSEI,20210217,10:05,15219.4501953125,15219.9501953125,15214.900390625,15217.0498046875,0
^NSEI,20210217,10:06,15217.4501953125,15222.400390625,15210.150390625,15221.9501953125,0
^NSEI,20210217,10:07,15221.150390625,15224.5498046875,15220.5498046875,15220.9501953125,0
^NSEI,20210217,10:08,15221.5,15225.0,15221.099609375,15224.599609375,0
^NSEI,20210217,10:09,15224.099609375,15232.75,15224.099609375,15230.349609375,0
^NSEI,20210217,10:10,15230.849609375,15237.75,15230.150390625,15236.599609375,0
^NSEI,20210217,10:11,15236.349609375,15241.2998046875,15235.900390625,15237.5,0
^NSEI,20210217,10:12,15237.5,15243.2998046875,15237.2998046875,15243.2998046875,0
^NSEI,20210217,10:13,15244.5498046875,15247.2998046875,15240.2998046875,15242.150390625,0
^NSEI,20210217,10:14,15242.099609375,15243.4501953125,15238.900390625,15240.5498046875,0
^NSEI,20210217,10:15,15241.099609375,15241.099609375,15231.25,15231.25,0
^NSEI,20210217,10:16,15231.349609375,15237.400390625,15230.099609375,15237.349609375,0
^NSEI,20210217,10:17,15238.2001953125,15247.2001953125,15236.9501953125,15247.2001953125,0
^NSEI,20210217,10:18,15247.7998046875,15257.2998046875,15247.25,15253.75,0
^NSEI,20210217,10:19,15252.9501953125,15255.599609375,15251.900390625,15255.599609375,0
^NSEI,20210217,10:20,15256.5498046875,15261.4501953125,15255.4501953125,15258.5498046875,0
^NSEI,20210217,10:21,15258.9501953125,15260.5,15254.75,15257.349609375,0
^NSEI,20210217,10:22,15258.25,15258.5498046875,15251.7001953125,15251.849609375,0
^NSEI,20210217,10:23,15251.349609375,15252.5498046875,15247.9501953125,15248.25,0
^NSEI,20210217,10:24,15247.4501953125,15248.150390625,15236.349609375,15236.349609375,0
^NSEI,20210217,10:25,15235.4501953125,15238.0,15232.2998046875,15233.75,0
^NSEI,20210217,10:26,15233.900390625,15237.75,15232.75,15235.349609375,0
^NSEI,20210217,10:27,15235.2998046875,15237.5,15233.5498046875,15236.5498046875,0
^NSEI,20210217,10:28,15236.4501953125,15239.5,15235.650390625,15237.900390625,0
^NSEI,20210217,10:29,15238.7001953125,15239.099609375,15229.4501953125,15236.2001953125,0
^NSEI,20210217,10:30,15236.7998046875,15237.5,15232.849609375,15236.0,0
^NSEI,20210217,10:31,15236.150390625,15236.150390625,15230.9501953125,15234.099609375,0
^NSEI,20210217,10:32,15234.849609375,15236.9501953125,15232.849609375,15236.9501953125,0
^NSEI,20210217,10:33,15237.25,15237.650390625,15229.0,15229.7001953125,0
^NSEI,20210217,10:34,15229.599609375,15229.599609375,15223.5498046875,15225.0498046875,0
^NSEI,20210217,10:35,15225.25,15232.2998046875,15224.5498046875,15231.650390625,0
^NSEI,20210217,10:36,15231.75,15235.0498046875,15229.400390625,15235.0498046875,0
^NSEI,20210217,10:37,15236.099609375,15240.2001953125,15235.099609375,15236.849609375,0
^NSEI,20210217,10:38,15237.0,15239.25,15228.650390625,15228.650390625,0
^NSEI,20210217,10:39,15227.5498046875,15232.4501953125,15227.150390625,15231.099609375,0
^NSEI,20210217,10:40,15229.599609375,15235.650390625,15229.599609375,15233.849609375,0
^NSEI,20210217,10:41,15233.400390625,15238.7998046875,15233.2998046875,15238.7998046875,0
^NSEI,20210217,10:42,15237.900390625,15241.7001953125,15234.599609375,15237.2001953125,0
^NSEI,20210217,10:43,15237.599609375,15246.349609375,15237.099609375,15241.4501953125,0
^NSEI,20210217,10:44,15242.7001953125,15247.349609375,15242.2001953125,15247.099609375,0
^NSEI,20210217,10:45,15245.9501953125,15250.900390625,15245.9501953125,15248.5498046875,0
^NSEI,20210217,10:46,15248.5,15249.25,15239.0,15241.099609375,0
^NSEI,20210217,10:47,15240.4501953125,15244.7998046875,15240.099609375,15243.25,0
^NSEI,20210217,10:48,15243.150390625,15248.7001953125,15242.849609375,15245.349609375,0
^NSEI,20210217,10:49,15246.25,15253.349609375,15245.0498046875,15253.349609375,0
^NSEI,20210217,10:50,15253.150390625,15257.25,15248.75,15256.9501953125,0
^NSEI,20210217,10:51,15256.2001953125,15256.849609375,15250.2998046875,15251.2001953125,0
^NSEI,20210217,10:52,15250.599609375,15253.099609375,15250.25,15250.5498046875,0
^NSEI,20210217,10:53,15250.5,15252.0,15249.7001953125,15251.75,0
^NSEI,20210217,10:54,15251.099609375,15256.0,15250.5498046875,15253.2998046875,0
^NSEI,20210217,10:55,15253.7001953125,15256.2001953125,15253.349609375,15254.099609375,0
^NSEI,20210217,10:56,15254.150390625,15255.150390625,15250.400390625,15253.2001953125,0
^NSEI,20210217,10:57,15253.2001953125,15255.7998046875,15253.2001953125,15254.4501953125,0
^NSEI,20210217,10:58,15254.25,15260.400390625,15254.25,15260.400390625,0
^NSEI,20210217,10:59,15260.650390625,15271.5498046875,15260.400390625,15271.5498046875,0
^NSEI,20210217,11:00,15270.7998046875,15282.25,15270.7998046875,15277.7001953125,0
^NSEI,20210217,11:01,15278.2998046875,15279.650390625,15276.7001953125,15277.7001953125,0
^NSEI,20210217,11:02,15277.5498046875,15281.900390625,15275.75,15281.7001953125,0
^NSEI,20210217,11:03,15282.400390625,15285.099609375,15282.400390625,15284.5,0
^NSEI,20210217,11:04,15284.900390625,15290.4501953125,15283.5,15289.0498046875,0
^NSEI,20210217,11:05,15289.349609375,15301.75,15289.349609375,15294.2998046875,0
^NSEI,20210217,11:06,15295.0,15295.900390625,15288.4501953125,15289.099609375,0
^NSEI,20210217,11:07,15289.099609375,15297.5,15289.099609375,15295.650390625,0
^NSEI,20210217,11:08,15295.5498046875,15300.75,15295.5498046875,15300.0,0
^NSEI,20210217,11:09,15300.25,15304.25,15299.4501953125,15303.4501953125,0
^NSEI,20210217,11:10,15304.25,15311.75,15304.0498046875,15309.650390625,0
^NSEI,20210217,11:11,15310.349609375,15311.400390625,15298.7001953125,15300.2001953125,0
^NSEI,20210217,11:12,15299.900390625,15299.900390625,15293.5498046875,15297.150390625,0
^NSEI,20210217,11:13,15297.25,15297.25,15290.900390625,15290.900390625,0
^NSEI,20210217,11:14,15290.900390625,15291.9501953125,15290.400390625,15291.5498046875,0
^NSEI,20210217,11:15,15291.900390625,15296.150390625,15291.349609375,15294.0,0
^NSEI,20210217,11:16,15293.7998046875,15295.25,15285.2998046875,15285.9501953125,0
^NSEI,20210217,11:17,15284.650390625,15291.349609375,15284.650390625,15290.2001953125,0
^NSEI,20210217,11:18,15290.4501953125,15290.849609375,15287.349609375,15287.900390625,0
^NSEI,20210217,11:19,15287.5,15291.25,15285.7001953125,15289.25,0
^NSEI,20210217,11:20,15289.2001953125,15293.7998046875,15289.2001953125,15291.9501953125,0
^NSEI,20210217,11:21,15292.099609375,15302.7998046875,15292.099609375,15302.4501953125,0
^NSEI,20210217,11:22,15302.900390625,15304.4501953125,15296.5498046875,15297.2001953125,0
^NSEI,20210217,11:23,15297.2001953125,15297.5,15291.75,15296.0498046875,0
^NSEI,20210217,11:24,15296.0498046875,15298.0,15292.75,15293.150390625,0
^NSEI,20210217,11:25,15293.650390625,15297.4501953125,15293.150390625,15295.849609375,0
^NSEI,20210217,11:26,15295.75,15298.75,15295.75,15295.900390625,0
^NSEI,20210217,11:27,15295.2001953125,15296.2998046875,15288.400390625,15289.400390625,0
^NSEI,20210217,11:28,15288.9501953125,15290.599609375,15286.349609375,15286.7001953125,0
^NSEI,20210217,11:29,15286.849609375,15286.900390625,15283.0498046875,15285.099609375,0
^NSEI,20210217,11:30,15284.150390625,15284.849609375,15279.150390625,15282.2998046875,0
^NSEI,20210217,11:31,15281.400390625,15281.400390625,15275.9501953125,15277.599609375,0
^NSEI,20210217,11:32,15277.2998046875,15278.75,15270.5,15271.7001953125,0
^NSEI,20210217,11:33,15269.5498046875,15274.9501953125,15269.5498046875,15273.2998046875,0
^NSEI,20210217,11:34,15272.7998046875,15274.4501953125,15268.0498046875,15268.0498046875,0
^NSEI,20210217,11:35,15268.0,15280.5498046875,15268.0,15279.7998046875,0
^NSEI,20210217,11:36,15280.900390625,15282.25,15276.25,15278.349609375,0
^NSEI,20210217,11:37,15277.5,15280.900390625,15277.5,15278.7998046875,0
^NSEI,20210217,11:38,15278.7998046875,15281.2001953125,15278.4501953125,15278.9501953125,0
^NSEI,20210217,11:39,15279.2998046875,15281.599609375,15277.7998046875,15280.9501953125,0
^NSEI,20210217,11:40,15280.849609375,15287.5498046875,15280.849609375,15286.0,0
^NSEI,20210217,11:41,15286.150390625,15288.2001953125,15286.150390625,15288.2001953125,0
^NSEI,20210217,11:42,15287.650390625,15290.150390625,15286.75,15290.0,0
^NSEI,20210217,11:43,15290.0498046875,15292.599609375,15289.650390625,15290.849609375,0
^NSEI,20210217,11:44,15290.5498046875,15290.599609375,15280.5,15280.5,0
^NSEI,20210217,11:45,15280.400390625,15285.5,15280.400390625,15283.599609375,0
^NSEI,20210217,11:46,15283.150390625,15285.349609375,15282.2998046875,15284.599609375,0
^NSEI,20210217,11:47,15284.5498046875,15285.099609375,15280.2001953125,15280.650390625,0
^NSEI,20210217,11:48,15280.5498046875,15283.7998046875,15280.5498046875,15283.7001953125,0
^NSEI,20210217,11:49,15283.150390625,15283.75,15281.849609375,15282.900390625,0
^NSEI,20210217,11:50,15283.7001953125,15287.150390625,15283.599609375,15285.2998046875,0
^NSEI,20210217,11:51,15284.900390625,15287.75,15284.4501953125,15285.7001953125,0
^NSEI,20210217,11:52,15286.2001953125,15287.400390625,15283.400390625,15286.75,0
^NSEI,20210217,11:53,15287.2001953125,15287.2001953125,15281.650390625,15282.900390625,0
^NSEI,20210217,11:54,15282.7998046875,15284.2998046875,15279.2001953125,15279.5,0
^NSEI,20210217,11:55,15279.599609375,15279.599609375,15272.75,15272.75,0
^NSEI,20210217,11:56,15272.900390625,15278.0498046875,15272.900390625,15276.2001953125,0
^NSEI,20210217,11:57,15275.849609375,15282.7998046875,15275.849609375,15280.900390625,0
^NSEI,20210217,11:58,15280.650390625,15282.099609375,15277.5,15279.650390625,0
^NSEI,20210217,11:59,15279.5498046875,15284.900390625,15279.2998046875,15283.5498046875,0
^NSEI,20210217,12:00,15283.7998046875,15286.7001953125,15281.9501953125,15281.9501953125,0
^NSEI,20210217,12:01,15281.25,15282.0,15278.900390625,15279.0498046875,0
^NSEI,20210217,12:02,15279.25,15280.4501953125,15278.150390625,15278.7001953125,0
^NSEI,20210217,12:03,15279.5498046875,15283.5,15279.5498046875,15281.75,0
^NSEI,20210217,12:04,15280.650390625,15280.650390625,15277.5498046875,15278.150390625,0
^NSEI,20210217,12:05,15278.400390625,15283.7998046875,15278.400390625,15283.5498046875,0
^NSEI,20210217,12:06,15283.9501953125,15290.4501953125,15283.650390625,15289.5498046875,0
^NSEI,20210217,12:07,15289.5498046875,15292.9501953125,15288.9501953125,15290.5,0
^NSEI,20210217,12:08,15292.4501953125,15292.4501953125,15280.849609375,15282.150390625,0
^NSEI,20210217,12:09,15282.4501953125,15291.400390625,15282.4501953125,15290.849609375,0
^NSEI,20210217,12:10,15290.7001953125,15293.400390625,15287.099609375,15287.099609375,0
^NSEI,20210217,12:11,15287.099609375,15287.7001953125,15284.0498046875,15287.4501953125,0
^NSEI,20210217,12:12,15287.0498046875,15287.4501953125,15284.349609375,15285.2998046875,0
^NSEI,20210217,12:13,15285.25,15285.75,15280.599609375,15283.2998046875,0
^NSEI,20210217,12:14,15283.900390625,15289.0498046875,15283.5498046875,15286.400390625,0
^NSEI,20210217,12:15,15286.0498046875,15287.349609375,15284.5,15284.5,0
^NSEI,20210217,12:16,15284.4501953125,15284.4501953125,15277.25,15277.25,0
^NSEI,20210217,12:17,15277.2001953125,15279.0498046875,15275.099609375,15278.849609375,0
^NSEI,20210217,12:18,15279.2001953125,15284.7001953125,15277.849609375,15284.7001953125,0
^NSEI,20210217,12:19,15284.75,15284.75,15281.25,15282.349609375,0
^NSEI,20210217,12:20,15283.0498046875,15283.599609375,15280.150390625,15281.5,0
^NSEI,20210217,12:21,15282.4501953125,15284.400390625,15281.650390625,15281.900390625,0
^NSEI,20210217,12:22,15281.650390625,15296.7998046875,15281.349609375,15295.150390625,0
^NSEI,20210217,12:23,15295.599609375,15297.25,15290.349609375,15296.650390625,0
^NSEI,20210217,12:24,15296.900390625,15296.900390625,15291.4501953125,15293.650390625,0
^NSEI,20210217,12:25,15292.7001953125,15293.900390625,15288.25,15289.349609375,0
^NSEI,20210217,12:26,15290.650390625,15293.2001953125,15286.150390625,15287.900390625,0
^NSEI,20210217,12:27,15287.849609375,15291.650390625,15286.599609375,15291.5498046875,0
^NSEI,20210217,12:28,15291.75,15292.5,15290.650390625,15291.349609375,0
^NSEI,20210217,12:29,15291.5,15293.7001953125,15289.849609375,15293.7001953125,0
^NSEI,20210217,12:30,15293.900390625,15298.7001953125,15293.900390625,15297.0498046875,0
^NSEI,20210217,12:31,15297.7001953125,15306.9501953125,15297.0,15305.25,0
^NSEI,20210217,12:32,15304.5,15305.2001953125,15299.099609375,15299.9501953125,0
^NSEI,20210217,12:33,15300.0498046875,15305.099609375,15300.0498046875,15303.900390625,0
^NSEI,20210217,12:34,15304.2998046875,15309.2998046875,15304.2998046875,15306.400390625,0
^NSEI,20210217,12:35,15306.599609375,15308.75,15304.9501953125,15304.9501953125,0
^NSEI,20210217,12:36,15305.5,15313.2001953125,15305.349609375,15312.0,0
^NSEI,20210217,12:37,15312.150390625,15313.5,15310.9501953125,15312.849609375,0
^NSEI,20210217,12:38,15312.650390625,15313.2998046875,15308.349609375,15309.150390625,0
^NSEI,20210217,12:39,15309.400390625,15310.900390625,15308.0,15309.2998046875,0
^NSEI,20210217,12:40,15309.4501953125,15310.0,15295.0,15295.75,0
^NSEI,20210217,12:41,15294.849609375,15297.2998046875,15291.400390625,15292.4501953125,0
^NSEI,20210217,12:42,15292.7001953125,15293.9501953125,15290.599609375,15291.7001953125,0
^NSEI,20210217,12:43,15291.599609375,15292.2001953125,15285.2998046875,15286.150390625,0
^NSEI,20210217,12:44,15285.4501953125,15288.4501953125,15280.599609375,15281.4501953125,0
^NSEI,20210217,12:45,15281.849609375,15284.5498046875,15279.0,15282.9501953125,0
^NSEI,20210217,12:46,15282.650390625,15284.4501953125,15281.0498046875,15281.7998046875,0
^NSEI,20210217,12:47,15282.2001953125,15282.2001953125,15278.75,15280.4501953125,0
^NSEI,20210217,12:48,15279.9501953125,15281.75,15279.5,15279.75,0
^NSEI,20210217,12:49,15279.7001953125,15281.849609375,15276.4501953125,15277.0,0
^NSEI,20210217,12:50,15277.7001953125,15280.150390625,15276.400390625,15278.4501953125,0
^NSEI,20210217,12:51,15278.099609375,15278.5498046875,15265.849609375,15266.900390625,0
^NSEI,20210217,12:52,15267.900390625,15268.599609375,15264.099609375,15268.0,0
^NSEI,20210217,12:53,15267.0,15267.2001953125,15259.099609375,15260.349609375,0
^NSEI,20210217,12:54,15260.349609375,15261.2001953125,15256.0498046875,15256.0498046875,0
^NSEI,20210217,12:55,15255.7998046875,15255.7998046875,15249.75,15250.7001953125,0
^NSEI,20210217,12:56,15250.75,15257.7998046875,15248.599609375,15257.7998046875,0
^NSEI,20210217,12:57,15258.150390625,15259.9501953125,15256.5498046875,15258.2998046875,0
^NSEI,20210217,12:58,15258.0,15261.599609375,15256.849609375,15259.2001953125,0
^NSEI,20210217,12:59,15259.7998046875,15260.2998046875,15245.650390625,15245.7998046875,0
^NSEI,20210217,13:00,15245.5498046875,15245.5498046875,15230.0498046875,15230.0498046875,0
^NSEI,20210217,13:01,15231.0498046875,15231.349609375,15225.75,15226.9501953125,0
^NSEI,20210217,13:02,15227.650390625,15232.2998046875,15226.4501953125,15227.75,0
^NSEI,20210217,13:03,15227.75,15231.9501953125,15226.0,15231.7998046875,0
^NSEI,20210217,13:04,15231.5,15232.7998046875,15222.4501953125,15222.5,0
^NSEI,20210217,13:05,15221.9501953125,15226.599609375,15215.650390625,15223.0,0
^NSEI,20210217,13:06,15224.099609375,15230.9501953125,15223.7001953125,15229.849609375,0
^NSEI,20210217,13:07,15230.0498046875,15230.0498046875,15222.849609375,15225.0,0
^NSEI,20210217,13:08,15224.9501953125,15228.150390625,15221.099609375,15228.150390625,0
^NSEI,20210217,13:09,15227.75,15232.0,15224.7001953125,15231.150390625,0
^NSEI,20210217,13:10,15231.25,15238.599609375,15231.25,15234.099609375,0
^NSEI,20210217,13:11,15233.650390625,15233.650390625,15226.75,15228.349609375,0
^NSEI,20210217,13:12,15228.900390625,15230.150390625,15225.0,15230.150390625,0
^NSEI,20210217,13:13,15230.349609375,15233.5498046875,15229.5,15230.099609375,0
^NSEI,20210217,13:14,15230.400390625,15231.25,15228.7001953125,15229.2001953125,0
^NSEI,20210217,13:15,15229.7001953125,15229.7001953125,15222.7998046875,15224.2001953125,0
^NSEI,20210217,13:16,15224.2001953125,15231.0,15223.5,15231.0,0
^NSEI,20210217,13:17,15231.0,15235.650390625,15229.75,15234.7001953125,0
^NSEI,20210217,13:18,15235.0,15236.4501953125,15233.400390625,15234.5498046875,0
^NSEI,20210217,13:19,15234.099609375,15244.0498046875,15233.599609375,15243.2001953125,0
^NSEI,20210217,13:20,15243.5,15244.400390625,15233.400390625,15234.599609375,0
^NSEI,20210217,13:21,15234.900390625,15234.900390625,15229.349609375,15230.400390625,0
^NSEI,20210217,13:22,15231.099609375,15238.0498046875,15231.099609375,15233.2001953125,0
^NSEI,20210217,13:23,15233.2998046875,15233.7998046875,15231.099609375,15232.2001953125,0
^NSEI,20210217,13:24,15231.4501953125,15234.150390625,15231.4501953125,15232.4501953125,0
^NSEI,20210217,13:25,15232.599609375,15235.0,15231.849609375,15234.5498046875,0
^NSEI,20210217,13:26,15234.7001953125,15235.7001953125,15230.5,15233.5,0
^NSEI,20210217,13:27,15233.2998046875,15235.400390625,15231.099609375,15232.0,0
^NSEI,20210217,13:28,15232.849609375,15234.25,15226.2001953125,15226.650390625,0
^NSEI,20210217,13:29,15227.0498046875,15228.0,15217.4501953125,15218.150390625,0
^NSEI,20210217,13:30,15217.650390625,15227.7001953125,15214.5498046875,15223.2998046875,0
^NSEI,20210217,13:31,15224.25,15224.25,15220.2001953125,15221.099609375,0
^NSEI,20210217,13:32,15220.150390625,15224.5,15218.900390625,15223.25,0
^NSEI,20210217,13:33,15224.400390625,15225.099609375,15221.650390625,15222.900390625,0
^NSEI,20210217,13:34,15222.9501953125,15223.4501953125,15196.900390625,15200.2001953125,0
^NSEI,20210217,13:35,15199.75,15199.75,15185.650390625,15188.099609375,0
^NSEI,20210217,13:36,15188.349609375,15188.5498046875,15178.7001953125,15179.400390625,0
^NSEI,20210217,13:37,15180.0498046875,15190.5498046875,15180.0498046875,15189.599609375,0
^NSEI,20210217,13:38,15189.2998046875,15189.900390625,15182.25,15182.25,0
^NSEI,20210217,13:39,15182.2998046875,15186.5498046875,15173.599609375,15175.5,0
^NSEI,20210217,13:40,15175.7998046875,15183.0498046875,15171.150390625,15179.349609375,0
^NSEI,20210217,13:41,15179.650390625,15185.7001953125,15178.0498046875,15179.9501953125,0
^NSEI,20210217,13:42,15181.0,15184.0,15178.7998046875,15180.099609375,0
^NSEI,20210217,13:43,15180.650390625,15195.5498046875,15179.5,15193.099609375,0
^NSEI,20210217,13:44,15193.650390625,15200.599609375,15193.650390625,15195.2998046875,0
^NSEI,20210217,13:45,15195.25,15209.099609375,15193.75,15209.099609375,0
^NSEI,20210217,13:46,15209.25,15210.4501953125,15201.099609375,15202.349609375,0
^NSEI,20210217,13:47,15202.0,15202.349609375,15195.650390625,15200.5498046875,0
^NSEI,20210217,13:48,15200.400390625,15204.099609375,15199.900390625,15203.849609375,0
^NSEI,20210217,13:49,15204.0,15209.599609375,15203.25,15208.2998046875,0
^NSEI,20210217,13:50,15209.150390625,15209.25,15201.400390625,15204.599609375,0
^NSEI,20210217,13:51,15205.0,15218.7001953125,15204.4501953125,15217.349609375,0
^NSEI,20210217,13:52,15217.75,15218.25,15212.0498046875,15215.25,0
^NSEI,20210217,13:53,15215.400390625,15220.0,15214.2001953125,15219.599609375,0
^NSEI,20210217,13:54,15219.849609375,15220.599609375,15217.2998046875,15217.2998046875,0
^NSEI,20210217,13:55,15217.5,15228.7998046875,15212.5,15228.7998046875,0
^NSEI,20210217,13:56,15228.650390625,15231.9501953125,15223.349609375,15223.349609375,0
^NSEI,20210217,13:57,15223.4501953125,15228.4501953125,15223.4501953125,15228.25,0
^NSEI,20210217,13:58,15228.150390625,15235.5,15228.150390625,15230.7998046875,0
^NSEI,20210217,13:59,15230.5,15232.900390625,15226.150390625,15226.150390625,0
^NSEI,20210217,14:00,15226.099609375,15226.599609375,15215.4501953125,15217.0498046875,0
^NSEI,20210217,14:01,15217.2998046875,15221.349609375,15216.25,15219.5498046875,0
^NSEI,20210217,14:02,15219.25,15223.900390625,15218.400390625,15221.9501953125,0
^NSEI,20210217,14:03,15222.4501953125,15222.7001953125,15216.9501953125,15219.150390625,0
^NSEI,20210217,14:04,15218.4501953125,15219.5,15212.2001953125,15212.5498046875,0
^NSEI,20210217,14:05,15212.099609375,15216.400390625,15211.75,15215.400390625,0
^NSEI,20210217,14:06,15215.849609375,15220.75,15215.4501953125,15220.5,0
^NSEI,20210217,14:07,15220.2998046875,15225.7001953125,15220.0498046875,15220.7001953125,0
^NSEI,20210217,14:08,15221.2001953125,15221.599609375,15216.150390625,15216.25,0
^NSEI,20210217,14:09,15215.5498046875,15219.0498046875,15215.5498046875,15217.599609375,0
^NSEI,20210217,14:10,15218.349609375,15225.2001953125,15217.5498046875,15225.0498046875,0
^NSEI,20210217,14:11,15225.7001953125,15225.7001953125,15223.400390625,15223.650390625,0
^NSEI,20210217,14:12,15223.2998046875,15226.900390625,15221.900390625,15226.7001953125,0
^NSEI,20210217,14:13,15226.400390625,15235.2001953125,15226.400390625,15231.2001953125,0
^NSEI,20210217,14:14,15231.2001953125,15232.25,15228.4501953125,15229.5,0
^NSEI,20210217,14:15,15229.400390625,15243.9501953125,15229.400390625,15236.9501953125,0
^NSEI,20210217,14:16,15237.7998046875,15237.7998046875,15232.099609375,15234.7998046875,0
^NSEI,20210217,14:17,15235.400390625,15235.4501953125,15227.900390625,15228.25,0
^NSEI,20210217,14:18,15227.4501953125,15228.0498046875,15225.849609375,15227.400390625,0
^NSEI,20210217,14:19,15227.2001953125,15228.7998046875,15219.099609375,15221.25,0
^NSEI,20210217,14:20,15221.2998046875,15221.2998046875,15214.349609375,15218.2001953125,0
^NSEI,20210217,14:21,15217.2001953125,15219.900390625,15216.4501953125,15217.7998046875,0
^NSEI,20210217,14:22,15218.25,15219.099609375,15211.2998046875,15211.650390625,0
^NSEI,20210217,14:23,15211.75,15216.099609375,15211.75,15214.349609375,0
^NSEI,20210217,14:24,15214.5,15224.9501953125,15214.25,15224.9501953125,0
^NSEI,20210217,14:25,15225.2001953125,15228.75,15224.599609375,15225.349609375,0
^NSEI,20210217,14:26,15225.900390625,15232.5498046875,15225.2998046875,15232.5498046875,0
^NSEI,20210217,14:27,15232.849609375,15235.0,15228.7998046875,15230.9501953125,0
^NSEI,20210217,14:28,15232.0,15233.349609375,15228.599609375,15228.7001953125,0
^NSEI,20210217,14:29,15229.599609375,15230.0,15219.650390625,15219.650390625,0
^NSEI,20210217,14:30,15220.4501953125,15224.2998046875,15215.849609375,15215.849609375,0
^NSEI,20210217,14:31,15216.4501953125,15223.5,15216.400390625,15222.5498046875,0
^NSEI,20210217,14:32,15222.9501953125,15230.2998046875,15222.9501953125,15228.7998046875,0
^NSEI,20210217,14:33,15228.9501953125,15231.400390625,15228.7001953125,15229.400390625,0
^NSEI,20210217,14:34,15229.849609375,15230.4501953125,15226.2001953125,15226.2001953125,0
^NSEI,20210217,14:35,15226.650390625,15227.2001953125,15215.849609375,15215.900390625,0
^NSEI,20210217,14:36,15215.9501953125,15227.849609375,15215.9501953125,15227.7998046875,0
^NSEI,20210217,14:37,15228.5498046875,15228.9501953125,15225.5498046875,15226.4501953125,0
^NSEI,20210217,14:38,15226.849609375,15227.2001953125,15223.2001953125,15224.2001953125,0
^NSEI,20210217,14:39,15223.849609375,15224.0498046875,15217.5498046875,15220.5498046875,0
^NSEI,20210217,14:40,15220.2001953125,15224.75,15219.900390625,15224.0,0
^NSEI,20210217,14:41,15224.0498046875,15225.25,15208.0,15210.5,0
^NSEI,20210217,14:42,15211.25,15214.349609375,15211.25,15212.25,0
^NSEI,20210217,14:43,15211.599609375,15214.099609375,15205.7998046875,15206.5,0
^NSEI,20210217,14:44,15206.099609375,15206.099609375,15199.400390625,15199.400390625,0
^NSEI,20210217,14:45,15199.5,15200.2001953125,15191.900390625,15197.5498046875,0
^NSEI,20210217,14:46,15197.4501953125,15199.2001953125,15193.75,15199.0,0
^NSEI,20210217,14:47,15199.9501953125,15207.900390625,15199.9501953125,15207.900390625,0
^NSEI,20210217,14:48,15208.099609375,15209.900390625,15205.2001953125,15207.900390625,0
^NSEI,20210217,14:49,15208.4501953125,15217.2001953125,15207.150390625,15216.099609375,0
^NSEI,20210217,14:50,15215.400390625,15221.2001953125,15215.400390625,15220.7998046875,0
^NSEI,20210217,14:51,15219.400390625,15224.349609375,15219.400390625,15221.0498046875,0
^NSEI,20210217,14:52,15220.2001953125,15223.75,15219.75,15223.400390625,0
^NSEI,20210217,14:53,15223.75,15223.75,15216.2001953125,15216.75,0
^NSEI,20210217,14:54,15216.7998046875,15221.5,15216.25,15219.5498046875,0
^NSEI,20210217,14:55,15219.0,15221.099609375,15216.900390625,15220.5498046875,0
^NSEI,20210217,14:56,15220.599609375,15220.7998046875,15211.0498046875,15211.7998046875,0
^NSEI,20210217,14:57,15212.0498046875,15215.150390625,15211.2998046875,15213.599609375,0
^NSEI,20210217,14:58,15212.4501953125,15215.2001953125,15210.9501953125,15213.849609375,0
^NSEI,20210217,14:59,15214.2001953125,15218.7001953125,15213.75,15216.650390625,0
^NSEI,20210217,15:00,15215.849609375,15229.349609375,15215.849609375,15223.7001953125,0
^NSEI,20210217,15:01,15223.4501953125,15223.900390625,15221.5,15223.0498046875,0
^NSEI,20210217,15:02,15222.599609375,15222.75,15210.9501953125,15211.5498046875,0
^NSEI,20210217,15:03,15212.349609375,15221.9501953125,15212.0,15220.25,0
^NSEI,20210217,15:04,15219.75,15221.2998046875,15215.7001953125,15221.2998046875,0
^NSEI,20210217,15:05,15221.75,15223.400390625,15212.400390625,15212.400390625,0
^NSEI,20210217,15:06,15213.349609375,15217.7998046875,15212.4501953125,15216.900390625,0
^NSEI,20210217,15:07,15217.2001953125,15217.849609375,15212.2998046875,15212.2998046875,0
^NSEI,20210217,15:08,15213.7001953125,15213.7001953125,15207.400390625,15207.5498046875,0
^NSEI,20210217,15:09,15206.849609375,15210.099609375,15206.0498046875,15209.5498046875,0
^NSEI,20210217,15:10,15209.7001953125,15211.150390625,15205.7001953125,15205.75,0
^NSEI,20210217,15:11,15205.2998046875,15206.099609375,15199.349609375,15200.349609375,0
^NSEI,20210217,15:12,15199.5498046875,15212.150390625,15199.5498046875,15211.7998046875,0
^NSEI,20210217,15:13,15212.0,15217.7001953125,15211.099609375,15217.0498046875,0
^NSEI,20210217,15:14,15217.400390625,15219.349609375,15216.0498046875,15218.150390625,0
^NSEI,20210217,15:15,15216.5498046875,15222.2998046875,15214.650390625,15218.2998046875,0
^NSEI,20210217,15:16,15217.7001953125,15218.400390625,15212.650390625,15212.849609375,0
^NSEI,20210217,15:17,15212.2998046875,15215.2998046875,15204.7998046875,15205.2998046875,0
^NSEI,20210217,15:18,15205.0,15212.650390625,15204.400390625,15209.5,0
^NSEI,20210217,15:19,15209.5498046875,15212.5498046875,15207.75,15207.75,0
^NSEI,20210217,15:20,15208.2001953125,15208.650390625,15202.2001953125,15204.849609375,0
^NSEI,20210217,15:21,15204.349609375,15212.599609375,15189.0,15190.900390625,0
^NSEI,20210217,15:22,15191.349609375,15205.400390625,15191.349609375,15203.650390625,0
^NSEI,20210217,15:23,15203.599609375,15210.349609375,15203.599609375,15205.599609375,0
^NSEI,20210217,15:24,15205.7001953125,15210.25,15205.7001953125,15206.75,0
^NSEI,20210217,15:25,15206.900390625,15209.900390625,15200.900390625,15201.75,0
^NSEI,20210217,15:26,15200.9501953125,15205.5,15198.400390625,15199.9501953125,0
^NSEI,20210217,15:27,15199.7001953125,15201.150390625,15195.0,15195.900390625,0
^NSEI,20210217,15:28,15195.5498046875,15197.150390625,15191.099609375,15193.75,0
^NSEI,20210217,15:29,15194.0498046875,15196.400390625,15191.2001953125,15196.25,0
^NSEI,20210218,09:15,15238.7001953125,15238.7001953125,15205.2998046875,15219.25,0
^NSEI,20210218,09:16,15219.75,15224.4501953125,15201.349609375,15224.4501953125,0
^NSEI,20210218,09:17,15223.099609375,15225.7998046875,15212.0,15221.7001953125,0
^NSEI,20210218,09:18,15222.2998046875,15229.25,15221.7998046875,15225.0,0
^NSEI,20210218,09:19,15225.9501953125,15232.599609375,15222.400390625,15225.2001953125,0
^NSEI,20210218,09:20,15226.75,15234.25,15226.5498046875,15228.400390625,0
^NSEI,20210218,09:21,15229.2001953125,15238.2001953125,15229.2001953125,15233.599609375,0
^NSEI,20210218,09:22,15232.349609375,15238.25,15231.349609375,15235.25,0
^NSEI,20210218,09:23,15238.0498046875,15242.2001953125,15233.849609375,15235.0498046875,0
^NSEI,20210218,09:24,15235.650390625,15249.9501953125,15235.5,15246.849609375,0
^NSEI,20210218,09:25,15246.0498046875,15248.5498046875,15227.5,15228.0,0
^NSEI,20210218,09:26,15228.0,15228.0,15219.7998046875,15226.650390625,0
^NSEI,20210218,09:27,15225.650390625,15226.75,15219.0498046875,15226.75,0
^NSEI,20210218,09:28,15224.9501953125,15229.349609375,15222.849609375,15228.0498046875,0
^NSEI,20210218,09:29,15227.650390625,15230.0498046875,15224.7001953125,15228.4501953125,0
^NSEI,20210218,09:30,15228.650390625,15229.2001953125,15218.099609375,15218.099609375,0
^NSEI,20210218,09:31,15217.7001953125,15217.7001953125,15203.599609375,15208.7001953125,0
^NSEI,20210218,09:32,15208.2998046875,15218.0498046875,15207.599609375,15209.650390625,0
^NSEI,20210218,09:33,15208.349609375,15224.4501953125,15206.5,15223.7001953125,0
^NSEI,20210218,09:34,15224.25,15233.75,15221.150390625,15233.75,0
^NSEI,20210218,09:35,15233.099609375,15234.599609375,15226.4501953125,15231.5498046875,0
^NSEI,20210218,09:36,15231.5498046875,15236.4501953125,15230.4501953125,15236.25,0
^NSEI,20210218,09:37,15237.0,15237.0,15229.4501953125,15229.4501953125,0
^NSEI,20210218,09:38,15229.150390625,15230.099609375,15223.25,15227.150390625,0
^NSEI,20210218,09:39,15227.349609375,15227.349609375,15223.2998046875,15225.849609375,0
^NSEI,20210218,09:40,15225.650390625,15228.849609375,15219.0498046875,15224.0498046875,0
^NSEI,20210218,09:41,15224.5,15232.0,15222.75,15231.2001953125,0
^NSEI,20210218,09:42,15231.5498046875,15232.400390625,15227.599609375,15229.650390625,0
^NSEI,20210218,09:43,15231.7001953125,15232.5498046875,15221.2998046875,15223.2998046875,0
^NSEI,20210218,09:44,15223.650390625,15227.150390625,15221.099609375,15221.099609375,0
^NSEI,20210218,09:45,15221.400390625,15223.7998046875,15215.4501953125,15222.7001953125,0
^NSEI,20210218,09:46,15223.349609375,15228.0498046875,15221.599609375,15221.650390625,0
^NSEI,20210218,09:47,15221.2998046875,15224.849609375,15220.599609375,15221.5498046875,0
^NSEI,20210218,09:48,15221.4501953125,15222.599609375,15216.75,15218.0498046875,0
^NSEI,20210218,09:49,15217.7998046875,15218.650390625,15210.0498046875,15213.150390625,0
^NSEI,20210218,09:50,15212.0498046875,15223.9501953125,15208.650390625,15222.5498046875,0
^NSEI,20210218,09:51,15222.400390625,15226.0498046875,15212.5,15213.349609375,0
^NSEI,20210218,09:52,15214.400390625,15219.7001953125,15210.349609375,15218.5498046875,0
^NSEI,20210218,09:53,15218.9501953125,15220.25,15215.5,15217.849609375,0
^NSEI,20210218,09:54,15218.349609375,15218.7998046875,15211.900390625,15213.150390625,0
^NSEI,20210218,09:55,15213.599609375,15216.7001953125,15211.400390625,15216.2001953125,0
^NSEI,20210218,09:56,15216.099609375,15216.2998046875,15211.099609375,15212.2001953125,0
^NSEI,20210218,09:57,15212.9501953125,15221.2998046875,15212.9501953125,15219.900390625,0
^NSEI,20210218,09:58,15220.400390625,15227.7001953125,15218.7998046875,15227.7001953125,0
^NSEI,20210218,09:59,15228.400390625,15236.099609375,15225.150390625,15232.849609375,0
^NSEI,20210218,10:00,15231.2998046875,15238.099609375,15231.2998046875,15236.099609375,0
^NSEI,20210218,10:01,15235.400390625,15237.5,15231.9501953125,15234.599609375,0
^NSEI,20210218,10:02,15235.2998046875,15236.4501953125,15233.25,15234.25,0
^NSEI,20210218,10:03,15234.9501953125,15236.099609375,15233.0,15234.0,0
^NSEI,20210218,10:04,15234.25,15234.25,15227.25,15230.25,0
^NSEI,20210218,10:05,15230.0,15230.7001953125,15223.5,15224.849609375,0
^NSEI,20210218,10:06,15225.7998046875,15225.7998046875,15218.5498046875,15220.5498046875,0
^NSEI,20210218,10:07,15221.099609375,15223.349609375,15220.349609375,15220.349609375,0
^NSEI,20210218,10:08,15220.7001953125,15225.9501953125,15220.400390625,15225.75,0
^NSEI,20210218,10:09,15225.650390625,15226.0498046875,15223.4501953125,15224.0,0
^NSEI,20210218,10:10,15224.099609375,15225.2998046875,15222.5498046875,15224.0498046875,0
^NSEI,20210218,10:11,15224.5,15225.2001953125,15219.650390625,15221.75,0
^NSEI,20210218,10:12,15221.7001953125,15221.7001953125,15217.650390625,15218.2001953125,0
^NSEI,20210218,10:13,15218.400390625,15225.0,15216.7001953125,15222.400390625,0
^NSEI,20210218,10:14,15222.9501953125,15227.400390625,15221.7998046875,15226.4501953125,0
^NSEI,20210218,10:15,15226.400390625,15226.400390625,15222.2001953125,15223.099609375,0
^NSEI,20210218,10:16,15223.5,15223.5498046875,15218.849609375,15218.849609375,0
^NSEI,20210218,10:17,15219.5,15223.9501953125,15217.4501953125,15223.9501953125,0
^NSEI,20210218,10:18,15223.7998046875,15225.5498046875,15220.75,15221.2998046875,0
^NSEI,20210218,10:19,15221.2998046875,15224.0498046875,15221.0,15222.099609375,0
^NSEI,20210218,10:20,15221.150390625,15226.7998046875,15220.0498046875,15225.2998046875,0
^NSEI,20210218,10:21,15226.099609375,15233.75,15226.099609375,15233.75,0
^NSEI,20210218,10:22,15233.9501953125,15236.900390625,15232.2998046875,15235.9501953125,0
^NSEI,20210218,10:23,15236.2001953125,15236.25,15228.900390625,15229.650390625,0
^NSEI,20210218,10:24,15230.2001953125,15235.5,15229.5,15232.400390625,0
^NSEI,20210218,10:25,15232.4501953125,15232.75,15229.900390625,15229.900390625,0
^NSEI,20210218,10:26,15229.7001953125,15229.7001953125,15224.650390625,15227.2998046875,0
^NSEI,20210218,10:27,15227.75,15228.599609375,15226.5498046875,15227.5,0
^NSEI,20210218,10:28,15228.5498046875,15234.2998046875,15227.9501953125,15233.0498046875,0
^NSEI,20210218,10:29,15234.650390625,15248.2998046875,15234.650390625,15240.0498046875,0
^NSEI,20210218,10:30,15242.099609375,15243.7998046875,15234.7001953125,15238.4501953125,0
^NSEI,20210218,10:31,15237.650390625,15238.349609375,15235.0498046875,15235.0498046875,0
^NSEI,20210218,10:32,15235.900390625,15239.75,15235.7001953125,15236.7998046875,0
^NSEI,20210218,10:33,15237.25,15241.9501953125,15236.650390625,15239.7001953125,0
^NSEI,20210218,10:34,15240.0498046875,15240.7998046875,15236.2998046875,15240.150390625,0
^NSEI,20210218,10:35,15240.0498046875,15242.4501953125,15234.9501953125,15234.9501953125,0
^NSEI,20210218,10:36,15235.7001953125,15235.9501953125,15232.7001953125,15233.0,0
^NSEI,20210218,10:37,15233.0498046875,15235.900390625,15230.7001953125,15231.2001953125,0
^NSEI,20210218,10:38,15232.349609375,15233.400390625,15229.150390625,15232.5,0
^NSEI,20210218,10:39,15232.150390625,15236.349609375,15231.900390625,15233.7998046875,0
^NSEI,20210218,10:40,15233.4501953125,15238.4501953125,15232.5498046875,15237.9501953125,0
^NSEI,20210218,10:41,15237.650390625,15240.849609375,15237.25,15237.4501953125,0
^NSEI,20210218,10:42,15238.5,15241.5,15237.150390625,15238.7998046875,0
^NSEI,20210218,10:43,15238.849609375,15239.599609375,15236.900390625,15236.900390625,0
^NSEI,20210218,10:44,15237.25,15237.599609375,15235.2001953125,15235.349609375,0
^NSEI,20210218,10:45,15235.25,15237.75,15230.599609375,15231.349609375,0
^NSEI,20210218,10:46,15230.849609375,15231.599609375,15228.099609375,15228.150390625,0
^NSEI,20210218,10:47,15228.5498046875,15232.349609375,15227.0498046875,15231.2998046875,0
^NSEI,20210218,10:48,15232.0498046875,15234.7998046875,15230.9501953125,15231.7998046875,0
^NSEI,20210218,10:49,15231.349609375,15231.599609375,15227.150390625,15227.150390625,0
^NSEI,20210218,10:50,15228.0,15232.75,15226.4501953125,15231.5,0
^NSEI,20210218,10:51,15231.349609375,15231.900390625,15229.0,15229.400390625,0
^NSEI,20210218,10:52,15229.150390625,15229.7001953125,15226.0498046875,15228.349609375,0
^NSEI,20210218,10:53,15227.7001953125,15227.7001953125,15223.349609375,15223.900390625,0
^NSEI,20210218,10:54,15224.0,15226.25,15222.9501953125,15224.2998046875,0
^NSEI,20210218,10:55,15224.2001953125,15225.2998046875,15222.7001953125,15224.25,0
^NSEI,20210218,10:56,15224.849609375,15234.400390625,15224.2001953125,15234.0,0
^NSEI,20210218,10:57,15234.349609375,15234.349609375,15228.7001953125,15230.599609375,0
^NSEI,20210218,10:58,15230.2998046875,15231.849609375,15228.75,15229.650390625,0
^NSEI,20210218,10:59,15229.75,15229.75,15225.75,15228.349609375,0
^NSEI,20210218,11:00,15227.7998046875,15228.2001953125,15224.75,15225.599609375,0
^NSEI,20210218,11:01,15225.7998046875,15230.7998046875,15225.7998046875,15229.400390625,0
^NSEI,20210218,11:02,15229.2001953125,15230.900390625,15228.650390625,15229.5498046875,0
^NSEI,20210218,11:03,15229.0,15231.849609375,15226.75,15226.75,0
^NSEI,20210218,11:04,15227.099609375,15228.4501953125,15226.150390625,15227.349609375,0
^NSEI,20210218,11:05,15227.849609375,15227.849609375,15225.0498046875,15226.75,0
^NSEI,20210218,11:06,15226.5,15227.25,15222.900390625,15222.9501953125,0
^NSEI,20210218,11:07,15223.2001953125,15224.099609375,15221.150390625,15222.75,0
^NSEI,20210218,11:08,15223.0,15224.9501953125,15221.5,15221.650390625,0
^NSEI,20210218,11:09,15221.7001953125,15222.2998046875,15219.7998046875,15221.400390625,0
^NSEI,20210218,11:10,15222.099609375,15224.150390625,15216.849609375,15217.900390625,0
^NSEI,20210218,11:11,15218.0,15223.0,15217.75,15222.150390625,0
^NSEI,20210218,11:12,15221.9501953125,15222.7998046875,15220.0498046875,15221.900390625,0
^NSEI,20210218,11:13,15221.349609375,15224.75,15221.349609375,15221.5,0
^NSEI,20210218,11:14,15220.650390625,15221.849609375,15216.849609375,15218.75,0
^NSEI,20210218,11:15,15218.7998046875,15220.7001953125,15215.2998046875,15216.150390625,0
^NSEI,20210218,11:16,15215.349609375,15216.9501953125,15213.75,15216.099609375,0
^NSEI,20210218,11:17,15216.25,15216.650390625,15205.7001953125,15205.75,0
^NSEI,20210218,11:18,15207.0,15208.25,15201.2998046875,15204.4501953125,0
^NSEI,20210218,11:19,15203.9501953125,15204.0,15199.099609375,15199.25,0
^NSEI,20210218,11:20,15200.4501953125,15204.5498046875,15199.2998046875,15200.349609375,0
^NSEI,20210218,11:21,15200.7998046875,15204.7998046875,15195.5498046875,15204.7998046875,0
^NSEI,20210218,11:22,15204.75,15205.099609375,15200.849609375,15200.849609375,0
^NSEI,20210218,11:23,15201.150390625,15201.75,15196.150390625,15197.0,0
^NSEI,20210218,11:24,15197.4501953125,15197.849609375,15190.7001953125,15190.7001953125,0
^NSEI,20210218,11:25,15190.4501953125,15192.349609375,15187.25,15192.099609375,0
^NSEI,20210218,11:26,15191.5,15193.75,15188.0,15188.0,0
^NSEI,20210218,11:27,15188.650390625,15195.7998046875,15186.349609375,15193.650390625,0
^NSEI,20210218,11:28,15194.5498046875,15194.5498046875,15190.900390625,15191.849609375,0
^NSEI,20210218,11:29,15191.2001953125,15191.599609375,15183.4501953125,15184.9501953125,0
^NSEI,20210218,11:30,15185.2001953125,15187.9501953125,15182.849609375,15184.25,0
^NSEI,20210218,11:31,15184.150390625,15187.900390625,15183.4501953125,15186.650390625,0
^NSEI,20210218,11:32,15187.0,15193.4501953125,15186.400390625,15192.7001953125,0
^NSEI,20210218,11:33,15193.2001953125,15193.2001953125,15186.0,15187.0498046875,0
^NSEI,20210218,11:34,15188.0,15188.0,15182.0498046875,15182.4501953125,0
^NSEI,20210218,11:35,15182.7998046875,15182.7998046875,15168.0,15170.2998046875,0
^NSEI,20210218,11:36,15170.4501953125,15170.4501953125,15165.349609375,15165.9501953125,0
^NSEI,20210218,11:37,15166.5,15172.599609375,15164.349609375,15171.400390625,0
^NSEI,20210218,11:38,15171.650390625,15174.349609375,15170.7001953125,15173.349609375,0
^NSEI,20210218,11:39,15173.75,15175.7001953125,15170.5498046875,15172.25,0
^NSEI,20210218,11:40,15171.150390625,15171.7998046875,15163.150390625,15163.150390625,0
^NSEI,20210218,11:41,15163.5,15166.650390625,15162.7001953125,15162.7001953125,0
^NSEI,20210218,11:42,15163.0,15163.9501953125,15151.75,15156.25,0
^NSEI,20210218,11:43,15157.5,15157.5,15151.25,15152.099609375,0
^NSEI,20210218,11:44,15152.400390625,15152.400390625,15144.650390625,15144.650390625,0
^NSEI,20210218,11:45,15144.7998046875,15146.099609375,15137.25,15145.849609375,0
^NSEI,20210218,11:46,15145.599609375,15149.150390625,15141.0498046875,15144.400390625,0
^NSEI,20210218,11:47,15144.650390625,15148.599609375,15143.0498046875,15147.900390625,0
^NSEI,20210218,11:48,15147.7001953125,15149.5498046875,15146.25,15148.400390625,0
^NSEI,20210218,11:49,15147.9501953125,15151.7998046875,15145.25,15150.9501953125,0
^NSEI,20210218,11:50,15150.9501953125,15156.599609375,15149.849609375,15154.2998046875,0
^NSEI,20210218,11:51,15154.650390625,15154.650390625,15151.25,15153.2001953125,0
^NSEI,20210218,11:52,15153.150390625,15153.5,15146.2998046875,15146.400390625,0
^NSEI,20210218,11:53,15146.75,15146.75,15144.150390625,15145.0498046875,0
^NSEI,20210218,11:54,15145.150390625,15149.2001953125,15144.5,15146.9501953125,0
^NSEI,20210218,11:55,15147.2998046875,15152.7998046875,15146.849609375,15151.150390625,0
^NSEI,20210218,11:56,15150.849609375,15150.900390625,15144.5498046875,15149.75,0
^NSEI,20210218,11:57,15151.099609375,15156.7998046875,15150.2998046875,15153.9501953125,0
^NSEI,20210218,11:58,15154.650390625,15158.9501953125,15153.4501953125,15158.9501953125,0
^NSEI,20210218,11:59,15159.099609375,15160.0498046875,15154.599609375,15159.5498046875,0
^NSEI,20210218,12:00,15159.75,15165.0,15158.2998046875,15165.0,0
^NSEI,20210218,12:01,15163.599609375,15167.599609375,15163.0498046875,15167.349609375,0
^NSEI,20210218,12:02,15165.349609375,15165.349609375,15165.349609375,15165.349609375,0
^NSEBANK,20210217,09:15,37041.94921875,37041.94921875,36850.30078125,36880.5,0
^NSEBANK,20210217,09:16,36881.25,36924.3984375,36881.25,36901.69921875,0
^NSEBANK,20210217,09:17,36895.19921875,36945.30078125,36868.94921875,36932.75,0
^NSEBANK,20210217,09:18,36932.19921875,36982.1015625,36916.55078125,36916.55078125,0
^NSEBANK,20210217,09:19,36912.75,36977.5,36904.1015625,36937.69921875,0
^NSEBANK,20210217,09:20,36937.75,36952.1484375,36915.8984375,36945.6015625,0
^NSEBANK,20210217,09:21,36941.55078125,36955.3515625,36921.1015625,36932.94921875,0
^NSEBANK,20210217,09:22,36938.6484375,36942.05078125,36905.3515625,36922.3984375,0
^NSEBANK,20210217,09:23,36924.25,36924.25,36872.5,36915.94921875,0
^NSEBANK,20210217,09:24,36902.1015625,36993.8984375,36902.1015625,36982.80078125,0
^NSEBANK,20210217,09:25,36980.5,36987.5,36953.55078125,36981.0,0
^NSEBANK,20210217,09:26,36982.8515625,37091.44921875,36978.1015625,37053.8984375,0
^NSEBANK,20210217,09:27,37048.69921875,37059.3515625,37031.44921875,37038.30078125,0
^NSEBANK,20210217,09:28,37031.25,37038.19921875,36992.44921875,37002.69921875,0
^NSEBANK,20210217,09:29,36997.69921875,37024.80078125,36995.55078125,37011.80078125,0
^NSEBANK,20210217,09:30,37010.8984375,37018.19921875,36956.19921875,36956.19921875,0
^NSEBANK,20210217,09:31,36964.5,36964.5,36896.30078125,36913.6015625,0
^NSEBANK,20210217,09:32,36918.05078125,36918.05078125,36896.44921875,36911.55078125,0
^NSEBANK,20210217,09:33,36910.69921875,36912.80078125,36884.30078125,36889.1484375,0
^NSEBANK,20210217,09:34,36889.1484375,36910.3515625,36867.1484375,36870.30078125,0
^NSEBANK,20210217,09:35,36865.44921875,36914.3984375,36844.0,36901.1015625,0
^NSEBANK,20210217,09:36,36896.80078125,36905.3515625,36848.3515625,36850.6015625,0
^NSEBANK,20210217,09:37,36848.30078125,36875.3984375,36831.1015625,36860.55078125,0
^NSEBANK,20210217,09:38,36866.8984375,36886.5,36855.8984375,36866.0,0
^NSEBANK,20210217,09:39,36872.55078125,36891.75,36835.1484375,36838.75,0
^NSEBANK,20210217,09:40,36827.3984375,36856.80078125,36794.1484375,36854.8984375,0
^NSEBANK,20210217,09:41,36852.5,36877.8984375,36846.30078125,36877.8984375,0
^NSEBANK,20210217,09:42,36876.25,36892.1484375,36866.19921875,36874.69921875,0
^NSEBANK,20210217,09:43,36875.19921875,36907.0,36872.19921875,36880.5,0
^NSEBANK,20210217,09:44,36878.6015625,36893.0,36872.6484375,36873.1015625,0
^NSEBANK,20210217,09:45,36876.05078125,36891.8515625,36856.19921875,36891.8515625,0
^NSEBANK,20210217,09:46,36892.55078125,36907.3984375,36887.0,36895.8984375,0
^NSEBANK,20210217,09:47,36896.6015625,36907.19921875,36872.25,36901.0,0
^NSEBANK,20210217,09:48,36901.55078125,36901.55078125,36834.55078125,36847.94921875,0
^NSEBANK,20210217,09:49,36846.69921875,36849.44921875,36830.19921875,36841.3515625,0
^NSEBANK,20210217,09:50,36839.75,36866.3984375,36839.3515625,36854.3984375,0
^NSEBANK,20210217,09:51,36851.8984375,36884.30078125,36829.6015625,36884.30078125,0
^NSEBANK,20210217,09:52,36884.19921875,36891.25,36869.30078125,36880.19921875,0
^NSEBANK,20210217,09:53,36880.1015625,36880.1015625,36838.44921875,36838.5,0
^NSEBANK,20210217,09:54,36848.94921875,36855.19921875,36831.6484375,36834.25,0
^NSEBANK,20210217,09:55,36832.30078125,36852.05078125,36832.30078125,36846.8515625,0
^NSEBANK,20210217,09:56,36842.25,36842.25,36821.5,36831.30078125,0
^NSEBANK,20210217,09:57,36831.05078125,36868.3515625,36826.3984375,36868.3515625,0
^NSEBANK,20210217,09:58,36870.6484375,36879.8515625,36857.8515625,36866.25,0
^NSEBANK,20210217,09:59,36869.30078125,36871.55078125,36844.55078125,36844.55078125,0
^NSEBANK,20210217,10:00,36842.55078125,36843.30078125,36803.75,36809.6015625,0
^NSEBANK,20210217,10:01,36814.75,36815.1015625,36778.0,36789.80078125,0
^NSEBANK,20210217,10:02,36792.30078125,36805.6015625,36766.19921875,36797.5,0
^NSEBANK,20210217,10:03,36797.6015625,36798.8515625,36777.05078125,36797.25,0
^NSEBANK,20210217,10:04,36810.6015625,36813.05078125,36793.3515625,36807.6015625,0
^NSEBANK,20210217,10:05,36806.80078125,36811.80078125,36798.75,36805.8515625,0
^NSEBANK,20210217,10:06,36806.30078125,36814.6484375,36778.44921875,36813.55078125,0
^NSEBANK,20210217,10:07,36808.69921875,36834.0,36806.69921875,36821.0,0
^NSEBANK,20210217,10:08,36820.94921875,36844.30078125,36819.6015625,36829.94921875,0
^NSEBANK,20210217,10:09,36828.25,36863.5,36828.25,36855.8515625,0
^NSEBANK,20210217,10:10,36853.6015625,36901.1015625,36851.8984375,36895.30078125,0
^NSEBANK,20210217,10:11,36897.19921875,36931.3515625,36897.19921875,36918.94921875,0
^NSEBANK,20210217,10:12,36919.30078125,36952.25,36919.30078125,36949.3515625,0
^NSEBANK,20210217,10:13,36950.1015625,36960.55078125,36931.1015625,36936.6484375,0
^NSEBANK,20210217,10:14,36940.05078125,36944.75,36921.30078125,36939.80078125,0
^NSEBANK,20210217,10:15,36940.25,36940.25,36907.69921875,36908.55078125,0
^NSEBANK,20210217,10:16,36907.5,36958.19921875,36904.6015625,36955.1484375,0
^NSEBANK,20210217,10:17,36962.19921875,37030.3515625,36958.6015625,37025.8515625,0
^NSEBANK,20210217,10:18,37027.1015625,37062.69921875,37020.1015625,37036.30078125,0
^NSEBANK,20210217,10:19,37032.55078125,37050.1015625,37019.8984375,37050.1015625,0
^NSEBANK,20210217,10:20,37057.1015625,37112.5,37057.1015625,37100.0,0
^NSEBANK,20210217,10:21,37103.69921875,37107.5,37072.6015625,37090.3984375,0
^NSEBANK,20210217,10:22,37096.25,37096.25,37065.05078125,37067.75,0
^NSEBANK,20210217,10:23,37064.6015625,37069.1015625,37040.8984375,37046.0,0
^NSEBANK,20210217,10:24,37042.1015625,37042.69921875,36996.80078125,36996.80078125,0
^NSEBANK,20210217,10:25,36991.55078125,37031.8515625,36991.55078125,37008.8515625,0
^NSEBANK,20210217,10:26,37005.80078125,37039.55078125,37004.8515625,37017.1015625,0
^NSEBANK,20210217,10:27,37016.6484375,37023.1484375,37007.25,37010.6015625,0
^NSEBANK,20210217,10:28,37012.69921875,37035.3515625,37009.44921875,37026.8515625,0
^NSEBANK,20210217,10:29,37028.80078125,37028.80078125,36989.05078125,37006.1484375,0
^NSEBANK,20210217,10:30,37010.0,37020.8515625,37002.75,37020.75,0
^NSEBANK,20210217,10:31,37021.69921875,37035.6484375,37011.55078125,37019.94921875,0
^NSEBANK,20210217,10:32,37025.6484375,37025.6484375,37007.6015625,37018.3984375,0
^NSEBANK,20210217,10:33,37025.1015625,37025.75,36985.5,36997.6015625,0
^NSEBANK,20210217,10:34,36994.8515625,36996.75,36968.0,36980.75,0
^NSEBANK,20210217,10:35,36981.0,37024.6484375,36979.19921875,37020.6484375,0
^NSEBANK,20210217,10:36,37021.30078125,37041.5,37009.3515625,37041.5,0
^NSEBANK,20210217,10:37,37044.69921875,37057.6015625,37029.19921875,37034.5,0
^NSEBANK,20210217,10:38,37044.8984375,37053.69921875,37025.55078125,37025.55078125,0
^NSEBANK,20210217,10:39,37014.6015625,37042.75,37014.6015625,37035.75,0
^NSEBANK,20210217,10:40,37030.6015625,37049.69921875,37030.6015625,37045.3984375,0
^NSEBANK,20210217,10:41,37043.94921875,37058.05078125,37042.94921875,37054.05078125,0
^NSEBANK,20210217,10:42,37052.6015625,37080.19921875,37044.19921875,37080.19921875,0
^NSEBANK,20210217,10:43,37081.6015625,37130.8984375,37076.0,37103.3984375,0
^NSEBANK,20210217,10:44,37105.8515625,37132.80078125,37104.3984375,37132.80078125,0
^NSEBANK,20210217,10:45,37125.3515625,37146.1015625,37125.3515625,37136.5,0
^NSEBANK,20210217,10:46,37132.69921875,37139.94921875,37083.05078125,37089.55078125,0
^NSEBANK,20210217,10:47,37087.94921875,37117.0,37084.6484375,37111.5,0
^NSEBANK,20210217,10:48,37108.3515625,37121.1484375,37102.3984375,37104.05078125,0
^NSEBANK,20210217,10:49,37108.8515625,37154.3984375,37103.3984375,37154.3984375,0
^NSEBANK,20210217,10:50,37155.1015625,37178.25,37147.69921875,37173.8515625,0
^NSEBANK,20210217,10:51,37174.5,37174.5,37129.8515625,37132.69921875,0
^NSEBANK,20210217,10:52,37132.6015625,37139.8515625,37121.05078125,37123.80078125,0
^NSEBANK,20210217,10:53,37122.05078125,37135.1015625,37119.80078125,37131.30078125,0
^NSEBANK,20210217,10:54,37132.69921875,37136.19921875,37118.8515625,37121.25,0
^NSEBANK,20210217,10:55,37124.30078125,37127.05078125,37111.55078125,37111.55078125,0
^NSEBANK,20210217,10:56,37109.55078125,37117.0,37102.1015625,37115.8984375,0
^NSEBANK,20210217,10:57,37115.5,37117.30078125,37104.0,37106.0,0
^NSEBANK,20210217,10:58,37105.5,37112.30078125,37097.1484375,37112.30078125,0
^NSEBANK,20210217,10:59,37112.05078125,37165.0,37112.05078125,37165.0,0
^NSEBANK,20210217,11:00,37161.1015625,37228.8515625,37161.1015625,37221.8515625,0
^NSEBANK,20210217,11:01,37222.94921875,37223.1015625,37200.30078125,37206.3515625,0
^NSEBANK,20210217,11:02,37202.3515625,37243.1484375,37197.6484375,37240.1015625,0
^NSEBANK,20210217,11:03,37245.0,37257.55078125,37243.19921875,37254.5,0
^NSEBANK,20210217,11:04,37254.0,37283.19921875,37254.0,37276.05078125,0
^NSEBANK,20210217,11:05,37274.1015625,37319.94921875,37274.1015625,37282.05078125,0
^NSEBANK,20210217,11:06,37283.6015625,37283.6015625,37256.25,37262.3515625,0
^NSEBANK,20210217,11:07,37264.5,37302.3515625,37260.6015625,37288.1015625,0
^NSEBANK,20210217,11:08,37290.55078125,37310.6015625,37290.55078125,37310.30078125,0
^NSEBANK,20210217,11:09,37309.44921875,37313.05078125,37282.69921875,37293.0,0
^NSEBANK,20210217,11:10,37291.55078125,37330.6015625,37291.55078125,37313.75,0
^NSEBANK,20210217,11:11,37316.0,37318.3515625,37275.80078125,37285.6484375,0
^NSEBANK,20210217,11:12,37280.75,37284.1015625,37253.19921875,37269.8984375,0
^NSEBANK,20210217,11:13,37271.5,37271.5,37246.8984375,37251.1015625,0
^NSEBANK,20210217,11:14,37251.05078125,37268.25,37251.05078125,37253.19921875,0
^NSEBANK,20210217,11:15,37255.3984375,37286.05078125,37254.1484375,37278.6484375,0
^NSEBANK,20210217,11:16,37278.6015625,37279.30078125,37242.5,37244.0,0
^NSEBANK,20210217,11:17,37239.94921875,37250.8984375,37239.94921875,37242.6484375,0
^NSEBANK,20210217,11:18,37242.55078125,37242.55078125,37214.94921875,37217.8984375,0
^NSEBANK,20210217,11:19,37215.3515625,37245.1484375,37214.75,37233.3984375,0
^NSEBANK,20210217,11:20,37241.44921875,37259.0,37239.94921875,37257.69921875,0
^NSEBANK,20210217,11:21,37258.75,37285.30078125,37255.44921875,37282.6484375,0
^NSEBANK,20210217,11:22,37285.6015625,37297.1015625,37278.75,37285.3515625,0
^NSEBANK,20210217,11:23,37284.75,37287.69921875,37262.6484375,37269.80078125,0
^NSEBANK,20210217,11:24,37268.3984375,37272.3984375,37254.8984375,37262.94921875,0
^NSEBANK,20210217,11:25,37268.19921875,37278.69921875,37258.30078125,37273.8984375,0
^NSEBANK,20210217,11:26,37271.8515625,37281.05078125,37261.80078125,37264.1484375,0
^NSEBANK,20210217,11:27,37262.55078125,37268.1015625,37244.3515625,37248.25,0
^NSEBANK,20210217,11:28,37246.44921875,37254.3515625,37240.1015625,37244.19921875,0
^NSEBANK,20210217,11:29,37245.6015625,37246.1484375,37223.3515625,37232.19921875,0
^NSEBANK,20210217,11:30,37229.94921875,37234.94921875,37213.25,37233.55078125,0
^NSEBANK,20210217,11:31,37230.3984375,37230.5,37204.6484375,37210.6015625,0
^NSEBANK,20210217,11:32,37210.5,37215.1015625,37190.69921875,37194.69921875,0
^NSEBANK,20210217,11:33,37190.55078125,37202.8984375,37189.30078125,37199.75,0
^NSEBANK,20210217,11:34,37196.75,37203.19921875,37179.44921875,37182.94921875,0
^NSEBANK,20210217,11:35,37182.30078125,37234.30078125,37182.30078125,37228.3984375,0
^NSEBANK,20210217,11:36,37233.94921875,37237.6484375,37222.25,37233.3515625,0
^NSEBANK,20210217,11:37,37233.6015625,37247.55078125,37231.05078125,37237.1015625,0
^NSEBANK,20210217,11:38,37236.05078125,37236.6484375,37230.6015625,37232.0,0
^NSEBANK,20210217,11:39,37234.1484375,37244.19921875,37230.6484375,37240.3515625,0
^NSEBANK,20210217,11:40,37240.69921875,37256.25,37238.3515625,37252.3984375,0
^NSEBANK,20210217,11:41,37251.80078125,37259.55078125,37251.3515625,37258.19921875,0
^NSEBANK,20210217,11:42,37255.94921875,37265.05078125,37254.3984375,37264.80078125,0
^NSEBANK,20210217,11:43,37266.30078125,37282.3984375,37262.69921875,37274.94921875,0
^NSEBANK,20210217,11:44,37277.1484375,37277.44921875,37225.55078125,37226.55078125,0
^NSEBANK,20210217,11:45,37224.44921875,37255.3984375,37224.44921875,37243.1484375,0
^NSEBANK,20210217,11:46,37242.30078125,37250.5,37235.75,37247.94921875,0
^NSEBANK,20210217,11:47,37248.1015625,37251.3984375,37233.25,37236.44921875,0
^NSEBANK,20210217,11:48,37236.25,37262.1484375,37236.25,37261.6484375,0
^NSEBANK,20210217,11:49,37259.1484375,37269.19921875,37255.94921875,37267.25,0
^NSEBANK,20210217,11:50,37265.55078125,37283.5,37265.55078125,37272.69921875,0
^NSEBANK,20210217,11:51,37273.1015625,37279.3515625,37268.55078125,37271.3515625,0
^NSEBANK,20210217,11:52,37272.6484375,37278.0,37264.3515625,37268.8515625,0
^NSEBANK,20210217,11:53,37268.75,37270.25,37235.6484375,37248.30078125,0
^NSEBANK,20210217,11:54,37247.1015625,37254.8515625,37210.25,37211.80078125,0
^NSEBANK,20210217,11:55,37214.44921875,37214.44921875,37187.30078125,37191.75,0
^NSEBANK,20210217,11:56,37194.80078125,37230.94921875,37194.80078125,37230.1484375,0
^NSEBANK,20210217,11:57,37227.94921875,37251.0,37227.94921875,37242.69921875,0
^NSEBANK,20210217,11:58,37242.30078125,37249.75,37229.8984375,37249.75,0
^NSEBANK,20210217,11:59,37249.6015625,37256.5,37243.44921875,37246.1484375,0
^NSEBANK,20210217,12:00,37249.05078125,37249.05078125,37226.44921875,37226.44921875,0
^NSEBANK,20210217,12:01,37226.19921875,37227.6484375,37216.3515625,37222.3984375,0
^NSEBANK,20210217,12:02,37219.3515625,37230.44921875,37216.6484375,37218.6015625,0
^NSEBANK,20210217,12:03,37226.94921875,37240.19921875,37222.1484375,37230.0,0
^NSEBANK,20210217,12:04,37225.94921875,37229.69921875,37209.05078125,37210.0,0
^NSEBANK,20210217,12:05,37212.75,37218.0,37201.44921875,37204.05078125,0
^NSEBANK,20210217,12:06,37208.3984375,37225.94921875,37202.44921875,37220.3515625,0
^NSEBANK,20210217,12:07,37219.1015625,37235.94921875,37211.3984375,37220.80078125,0
^NSEBANK,20210217,12:08,37225.44921875,37225.44921875,37150.05078125,37157.80078125,0
^NSEBANK,20210217,12:09,37164.3515625,37191.1015625,37157.44921875,37187.44921875,0
^NSEBANK,20210217,12:10,37184.44921875,37202.6484375,37177.6015625,37177.6015625,0
^NSEBANK,20210217,12:11,37177.05078125,37180.3515625,37163.05078125,37172.8984375,0
^NSEBANK,20210217,12:12,37175.69921875,37180.25,37166.6484375,37172.1484375,0
^NSEBANK,20210217,12:13,37171.55078125,37173.3515625,37144.19921875,37159.8984375,0
^NSEBANK,20210217,12:14,37162.19921875,37189.44921875,37162.1015625,37179.69921875,0
^NSEBANK,20210217,12:15,37183.75,37185.94921875,37161.69921875,37162.69921875,0
^NSEBANK,20210217,12:16,37160.44921875,37160.8515625,37142.80078125,37147.3984375,0
^NSEBANK,20210217,12:17,37146.5,37156.69921875,37139.80078125,37153.44921875,0
^NSEBANK,20210217,12:18,37157.55078125,37193.75,37148.75,37193.75,0
^NSEBANK,20210217,12:19,37191.5,37191.55078125,37172.25,37176.5,0
^NSEBANK,20210217,12:20,37182.6015625,37184.8515625,37173.30078125,37179.8984375,0
^NSEBANK,20210217,12:21,37186.80078125,37191.19921875,37173.75,37173.94921875,0
^NSEBANK,20210217,12:22,37171.55078125,37256.5,37171.55078125,37250.44921875,0
^NSEBANK,20210217,12:23,37252.44921875,37273.80078125,37232.6015625,37271.1484375,0
^NSEBANK,20210217,12:24,37269.3515625,37269.3515625,37253.1015625,37267.0,0
^NSEBANK,20210217,12:25,37259.55078125,37263.8515625,37244.8515625,37249.5,0
^NSEBANK,20210217,12:26,37252.75,37254.25,37232.1015625,37238.25,0
^NSEBANK,20210217,12:27,37240.3515625,37260.80078125,37234.0,37260.80078125,0
^NSEBANK,20210217,12:28,37260.69921875,37264.3984375,37248.25,37255.69921875,0
^NSEBANK,20210217,12:29,37256.8984375,37269.6015625,37250.1015625,37269.6015625,0
^NSEBANK,20210217,12:30,37272.1484375,37294.05078125,37263.1015625,37265.6015625,0
^NSEBANK,20210217,12:31,37264.5,37296.8515625,37258.05078125,37285.6484375,0
^NSEBANK,20210217,12:32,37283.1484375,37288.19921875,37266.05078125,37269.5,0
^NSEBANK,20210217,12:33,37272.6015625,37295.19921875,37271.1484375,37292.6015625,0
^NSEBANK,20210217,12:34,37291.94921875,37316.1484375,37290.8984375,37294.3984375,0
^NSEBANK,20210217,12:35,37295.6015625,37300.05078125,37285.94921875,37286.1484375,0
^NSEBANK,20210217,12:36,37288.30078125,37309.05078125,37286.1015625,37301.25,0
^NSEBANK,20210217,12:37,37305.30078125,37313.8515625,37302.3984375,37312.94921875,0
^NSEBANK,20210217,12:38,37310.3515625,37311.75,37286.5,37296.1015625,0
^NSEBANK,20210217,12:39,37300.55078125,37302.55078125,37291.19921875,37299.3515625,0
^NSEBANK,20210217,12:40,37301.05078125,37301.6484375,37244.1015625,37246.1015625,0
^NSEBANK,20210217,12:41,37244.5,37256.55078125,37225.8515625,37228.3984375,0
^NSEBANK,20210217,12:42,37231.75,37247.8515625,37228.0,37240.94921875,0
^NSEBANK,20210217,12:43,37238.8515625,37243.6484375,37212.6484375,37217.5,0
^NSEBANK,20210217,12:44,37215.30078125,37231.75,37195.3984375,37196.1015625,0
^NSEBANK,20210217,12:45,37200.0,37213.69921875,37188.5,37210.5,0
^NSEBANK,20210217,12:46,37209.75,37222.3515625,37209.6484375,37216.55078125,0
^NSEBANK,20210217,12:47,37220.44921875,37220.44921875,37199.1484375,37199.1484375,0
^NSEBANK,20210217,12:48,37204.0,37207.94921875,37186.44921875,37191.6484375,0
^NSEBANK,20210217,12:49,37189.94921875,37189.94921875,37158.3984375,37160.6484375,0
^NSEBANK,20210217,12:50,37162.30078125,37179.94921875,37155.8515625,37169.8515625,0
^NSEBANK,20210217,12:51,37169.25,37171.30078125,37114.3515625,37128.30078125,0
^NSEBANK,20210217,12:52,37134.5,37136.55078125,37118.3984375,37136.55078125,0
^NSEBANK,20210217,12:53,37131.05078125,37132.8984375,37088.94921875,37096.94921875,0
^NSEBANK,20210217,12:54,37096.6015625,37103.25,37075.8984375,37075.8984375,0
^NSEBANK,20210217,12:55,37073.1015625,37073.1015625,37045.94921875,37045.94921875,0
^NSEBANK,20210217,12:56,37051.1484375,37065.69921875,37029.69921875,37065.69921875,0
^NSEBANK,20210217,12:57,37070.19921875,37075.19921875,37062.5,37069.8515625,0
^NSEBANK,20210217,12:58,37065.8515625,37107.55078125,37064.5,37096.5,0
^NSEBANK,20210217,12:59,37098.3984375,37102.6015625,37035.44921875,37037.1015625,0
^NSEBANK,20210217,13:00,37037.5,37037.5,36980.25,36980.25,0
^NSEBANK,20210217,13:01,36985.55078125,36989.25,36968.1015625,36969.19921875,0
^NSEBANK,20210217,13:02,36972.5,36987.05078125,36959.6015625,36972.30078125,0
^NSEBANK,20210217,13:03,36974.69921875,37000.8984375,36965.94921875,36999.3515625,0
^NSEBANK,20210217,13:04,36997.25,37002.8984375,36947.0,36947.0,0
^NSEBANK,20210217,13:05,36947.19921875,36965.75,36915.69921875,36956.55078125,0
^NSEBANK,20210217,13:06,36963.69921875,36998.55078125,36962.1015625,36990.30078125,0
^NSEBANK,20210217,13:07,36985.8515625,36987.75,36952.8515625,36958.6484375,0
^NSEBANK,20210217,13:08,36958.0,36989.1484375,36948.30078125,36989.1484375,0
^NSEBANK,20210217,13:09,36992.1015625,36994.6015625,36972.30078125,36988.55078125,0
^NSEBANK,20210217,13:10,36990.3984375,37022.0,36990.3984375,37010.0,0
^NSEBANK,20210217,13:11,37011.05078125,37011.05078125,36968.19921875,36972.75,0
^NSEBANK,20210217,13:12,36972.1484375,36988.55078125,36963.55078125,36988.55078125,0
^NSEBANK,20210217,13:13,36990.55078125,37002.94921875,36984.8515625,36993.94921875,0
^NSEBANK,20210217,13:14,36993.69921875,36998.05078125,36986.6015625,36991.3984375,0
^NSEBANK,20210217,13:15,36993.19921875,36993.19921875,36952.1484375,36959.44921875,0
^NSEBANK,20210217,13:16,36959.6015625,36987.44921875,36956.75,36987.44921875,0
^NSEBANK,20210217,13:17,36988.6015625,37007.19921875,36976.55078125,37005.3984375,0
^NSEBANK,20210217,13:18,37007.0,37014.3515625,36999.69921875,37003.6484375,0
^NSEBANK,20210217,13:19,36999.25,37043.94921875,36998.30078125,37043.3515625,0
^NSEBANK,20210217,13:20,37045.6015625,37045.6015625,36990.1015625,37004.55078125,0
^NSEBANK,20210217,13:21,37002.6484375,37007.3515625,36971.8515625,36975.8515625,0
^NSEBANK,20210217,13:22,36981.19921875,37010.55078125,36981.19921875,36989.1015625,0
^NSEBANK,20210217,13:23,36990.3515625,36991.94921875,36980.0,36985.0,0
^NSEBANK,20210217,13:24,36982.30078125,37001.3515625,36982.30078125,36987.80078125,0
^NSEBANK,20210217,13:25,36987.55078125,36998.8984375,36983.1484375,36995.1484375,0
^NSEBANK,20210217,13:26,36995.55078125,37000.6015625,36978.55078125,36980.1484375,0
^NSEBANK,20210217,13:27,36979.30078125,36990.05078125,36975.5,36981.6484375,0
^NSEBANK,20210217,13:28,36983.30078125,36990.3984375,36958.8984375,36963.1484375,0
^NSEBANK,20210217,13:29,36966.6015625,36969.3515625,36932.8984375,36935.8984375,0
^NSEBANK,20210217,13:30,36937.5,36963.8984375,36920.75,36953.5,0
^NSEBANK,20210217,13:31,36955.6484375,36962.30078125,36946.44921875,36947.44921875,0
^NSEBANK,20210217,13:32,36947.1484375,36964.05078125,36939.3515625,36955.1015625,0
^NSEBANK,20210217,13:33,36963.3515625,36974.6015625,36955.19921875,36969.55078125,0
^NSEBANK,20210217,13:34,36970.1484375,36971.44921875,36869.6015625,36882.1015625,0
^NSEBANK,20210217,13:35,36880.5,36880.5,36834.94921875,36839.55078125,0
^NSEBANK,20210217,13:36,36843.05078125,36843.19921875,36818.25,36821.1484375,0
^NSEBANK,20210217,13:37,36826.1015625,36862.3984375,36825.1015625,36855.8515625,0
^NSEBANK,20210217,13:38,36858.1015625,36858.1015625,36822.19921875,36824.55078125,0
^NSEBANK,20210217,13:39,36825.25,36847.8515625,36798.44921875,36808.25,0
^NSEBANK,20210217,13:40,36809.3984375,36827.8515625,36791.44921875,36812.30078125,0
^NSEBANK,20210217,13:41,36814.55078125,36855.94921875,36811.44921875,36835.0,0
^NSEBANK,20210217,13:42,36842.5,36846.30078125,36818.80078125,36821.69921875,0
^NSEBANK,20210217,13:43,36822.44921875,36876.3515625,36818.25,36867.94921875,0
^NSEBANK,20210217,13:44,36866.3515625,36893.19921875,36862.5,36870.94921875,0
^NSEBANK,20210217,13:45,36871.55078125,36909.1015625,36868.80078125,36908.1484375,0
^NSEBANK,20210217,13:46,36906.8984375,36910.94921875,36846.3515625,36848.1015625,0
^NSEBANK,20210217,13:47,36846.69921875,36859.5,36827.6484375,36847.05078125,0
^NSEBANK,20210217,13:48,36850.25,36880.80078125,36847.3984375,36878.75,0
^NSEBANK,20210217,13:49,36879.6015625,36903.19921875,36876.55078125,36895.25,0
^NSEBANK,20210217,13:50,36894.0,36895.5,36862.94921875,36881.80078125,0
^NSEBANK,20210217,13:51,36883.69921875,36946.8984375,36879.80078125,36940.75,0
^NSEBANK,20210217,13:52,36942.80078125,36943.44921875,36914.6015625,36932.80078125,0
^NSEBANK,20210217,13:53,36936.30078125,36950.55078125,36928.30078125,36940.5,0
^NSEBANK,20210217,13:54,36944.19921875,36953.25,36938.8984375,36940.3984375,0
^NSEBANK,20210217,13:55,36941.3515625,37002.25,36920.1484375,36995.3515625,0
^NSEBANK,20210217,13:56,36989.6484375,37017.80078125,36989.6484375,36993.94921875,0
^NSEBANK,20210217,13:57,36995.6015625,37012.44921875,36994.8515625,37009.75,0
^NSEBANK,20210217,13:58,37010.3515625,37033.05078125,37007.3515625,37008.8515625,0
^NSEBANK,20210217,13:59,37010.69921875,37013.05078125,36973.19921875,36973.19921875,0
^NSEBANK,20210217,14:00,36973.80078125,36977.69921875,36938.6015625,36957.94921875,0
^NSEBANK,20210217,14:01,36955.80078125,36971.75,36949.1015625,36969.19921875,0
^NSEBANK,20210217,14:02,36968.44921875,36991.55078125,36965.05078125,36977.55078125,0
^NSEBANK,20210217,14:03,36981.6015625,36983.1484375,36959.25,36965.44921875,0
^NSEBANK,20210217,14:04,36963.6484375,36969.44921875,36932.3515625,36933.25,0
^NSEBANK,20210217,14:05,36932.6015625,36952.1484375,36932.6015625,36950.8984375,0
^NSEBANK,20210217,14:06,36947.1015625,36965.05078125,36947.1015625,36962.30078125,0
^NSEBANK,20210217,14:07,36957.5,36971.19921875,36956.19921875,36957.19921875,0
^NSEBANK,20210217,14:08,36957.55078125,36960.44921875,36932.0,36934.05078125,0
^NSEBANK,20210217,14:09,36930.55078125,36940.05078125,36930.55078125,36933.44921875,0
^NSEBANK,20210217,14:10,36936.1015625,36976.3515625,36935.75,36976.3515625,0
^NSEBANK,20210217,14:11,36975.8984375,36978.1015625,36961.75,36963.80078125,0
^NSEBANK,20210217,14:12,36962.5,36970.94921875,36949.30078125,36966.44921875,0
^NSEBANK,20210217,14:13,36964.6484375,37005.44921875,36964.6015625,36988.3984375,0
^NSEBANK,20210217,14:14,36983.55078125,36994.1015625,36977.5,36979.8984375,0
^NSEBANK,20210217,14:15,36979.75,37040.05078125,36979.75,37016.69921875,0
^NSEBANK,20210217,14:16,37019.75,37019.75,37004.3515625,37008.05078125,0
^NSEBANK,20210217,14:17,37010.25,37011.55078125,36978.3984375,36980.19921875,0
^NSEBANK,20210217,14:18,36978.25,36988.6484375,36972.25,36982.6015625,0
^NSEBANK,20210217,14:19,36981.25,36986.6484375,36939.1015625,36951.3984375,0
^NSEBANK,20210217,14:20,36948.69921875,36948.69921875,36902.19921875,36926.19921875,0
^NSEBANK,20210217,14:21,36922.1015625,36930.0,36916.30078125,36917.3515625,0
^NSEBANK,20210217,14:22,36917.19921875,36924.6484375,36896.19921875,36898.30078125,0
^NSEBANK,20210217,14:23,36898.3984375,36924.6015625,36898.3984375,36918.5,0
^NSEBANK,20210217,14:24,36917.6484375,36969.30078125,36916.44921875,36969.30078125,0
^NSEBANK,20210217,14:25,36970.8515625,36980.0,36964.1015625,36977.6484375,0
^NSEBANK,20210217,14:26,36980.19921875,37004.69921875,36976.80078125,37001.94921875,0
^NSEBANK,20210217,14:27,37000.94921875,37007.1484375,36989.6484375,37001.25,0
^NSEBANK,20210217,14:28,37002.05078125,37010.80078125,36994.1015625,36994.1015625,0
^NSEBANK,20210217,14:29,37000.80078125,37000.80078125,36954.55078125,36954.55078125,0
^NSEBANK,20210217,14:30,36962.30078125,36988.8984375,36941.19921875,36941.19921875,0
^NSEBANK,20210217,14:31,36944.0,36978.3984375,36943.5,36974.19921875,0
^NSEBANK,20210217,14:32,36976.1015625,37018.05078125,36976.1015625,37013.3515625,0
^NSEBANK,20210217,14:33,37012.05078125,37024.69921875,37002.55078125,37021.5,0
^NSEBANK,20210217,14:34,37020.8515625,37030.3984375,37011.8984375,37015.5,0
^NSEBANK,20210217,14:35,37014.8515625,37018.1015625,36976.05078125,36980.5,0
^NSEBANK,20210217,14:36,36981.1484375,37048.0,36981.1484375,37045.8984375,0
^NSEBANK,20210217,14:37,37049.25,37049.25,37022.5,37028.19921875,0
^NSEBANK,20210217,14:38,37028.1484375,37030.55078125,37008.1015625,37021.30078125,0
^NSEBANK,20210217,14:39,37017.1015625,37019.0,37001.8984375,37009.3984375,0
^NSEBANK,20210217,14:40,37006.3984375,37024.1015625,36998.30078125,37019.94921875,0
^NSEBANK,20210217,14:41,37022.0,37022.1015625,36949.05078125,36959.05078125,0
^NSEBANK,20210217,14:42,36962.3515625,36974.94921875,36962.3515625,36968.44921875,0
^NSEBANK,20210217,14:43,36968.30078125,36981.05078125,36950.6015625,36952.30078125,0
^NSEBANK,20210217,14:44,36954.25,36954.25,36919.6484375,36919.6484375,0
^NSEBANK,20210217,14:45,36923.6484375,36938.8515625,36912.30078125,36938.8515625,0
^NSEBANK,20210217,14:46,36938.6484375,36944.75,36915.1015625,36930.8984375,0
^NSEBANK,20210217,14:47,36938.30078125,36969.30078125,36938.30078125,36967.25,0
^NSEBANK,20210217,14:48,36969.55078125,36981.8515625,36959.44921875,36970.6484375,0
^NSEBANK,20210217,14:49,36970.8984375,36997.69921875,36968.5,36992.30078125,0
^NSEBANK,20210217,14:50,36991.6484375,37011.8984375,36991.6484375,37010.5,0
^NSEBANK,20210217,14:51,37008.6484375,37028.5,37004.8515625,37007.55078125,0
^NSEBANK,20210217,14:52,37000.19921875,37010.6015625,36997.5,37008.94921875,0
^NSEBANK,20210217,14:53,37009.1484375,37009.1484375,36967.5,36967.5,0
^NSEBANK,20210217,14:54,36972.75,36996.30078125,36967.05078125,36980.19921875,0
^NSEBANK,20210217,14:55,36979.19921875,36993.19921875,36974.25,36993.19921875,0
^NSEBANK,20210217,14:56,36991.3515625,36992.3984375,36957.19921875,36957.3515625,0
^NSEBANK,20210217,14:57,36959.55078125,36977.6015625,36958.1484375,36967.3515625,0
^NSEBANK,20210217,14:58,36959.75,36967.19921875,36951.1015625,36962.55078125,0
^NSEBANK,20210217,14:59,36966.19921875,36978.44921875,36959.3984375,36969.3984375,0
^NSEBANK,20210217,15:00,36966.75,37004.44921875,36965.6484375,36988.94921875,0
^NSEBANK,20210217,15:01,36989.3984375,36990.80078125,36974.19921875,36976.69921875,0
^NSEBANK,20210217,15:02,36974.30078125,36974.6484375,36928.6484375,36930.1015625,0
^NSEBANK,20210217,15:03,36935.6484375,36974.69921875,36935.6484375,36974.69921875,0
^NSEBANK,20210217,15:04,36974.75,36975.75,36959.0,36975.75,0
^NSEBANK,20210217,15:05,36974.55078125,36977.19921875,36940.5,36940.5,0
^NSEBANK,20210217,15:06,36941.5,36961.55078125,36939.1015625,36954.8984375,0
^NSEBANK,20210217,15:07,36956.8984375,36956.8984375,36935.44921875,36936.94921875,0
^NSEBANK,20210217,15:08,36936.55078125,36936.55078125,36919.75,36923.0,0
^NSEBANK,20210217,15:09,36921.05078125,36928.75,36914.8984375,36922.30078125,0
^NSEBANK,20210217,15:10,36922.69921875,36922.69921875,36907.25,36909.69921875,0
^NSEBANK,20210217,15:11,36910.25,36914.5,36876.8515625,36887.3515625,0
^NSEBANK,20210217,15:12,36883.19921875,36933.25,36883.19921875,36930.75,0
^NSEBANK,20210217,15:13,36932.0,36945.3515625,36930.80078125,36942.25,0
^NSEBANK,20210217,15:14,36944.05078125,36944.05078125,36930.6484375,36936.80078125,0
^NSEBANK,20210217,15:15,36933.0,36948.25,36929.6015625,36934.8515625,0
^NSEBANK,20210217,15:16,36936.8515625,36940.6484375,36886.44921875,36890.3515625,0
^NSEBANK,20210217,15:17,36892.25,36909.0,36878.19921875,36884.1484375,0
^NSEBANK,20210217,15:18,36884.5,36912.19921875,36883.8515625,36898.3515625,0
^NSEBANK,20210217,15:19,36897.0,36917.19921875,36894.3984375,36894.3984375,0
^NSEBANK,20210217,15:20,36898.5,36898.5,36861.30078125,36885.3984375,0
^NSEBANK,20210217,15:21,36878.3984375,36904.69921875,36839.8984375,36851.19921875,0
^NSEBANK,20210217,15:22,36857.0,36887.1015625,36857.0,36871.1484375,0
^NSEBANK,20210217,15:23,36872.30078125,36888.6015625,36870.25,36871.69921875,0
^NSEBANK,20210217,15:24,36875.1015625,36883.30078125,36868.25,36870.19921875,0
^NSEBANK,20210217,15:25,36873.80078125,36898.1484375,36871.69921875,36880.69921875,0
^NSEBANK,20210217,15:26,36881.8984375,36889.3984375,36872.3984375,36877.8984375,0
^NSEBANK,20210217,15:27,36875.19921875,36886.0,36867.1484375,36877.30078125,0
^NSEBANK,20210217,15:28,36877.94921875,36883.69921875,36862.05078125,36873.3515625,0
^NSEBANK,20210217,15:29,36875.05078125,36886.55078125,36861.05078125,36864.55078125,0
^NSEBANK,20210218,09:15,37088.75,37088.75,36833.30078125,36904.6484375,0
^NSEBANK,20210218,09:16,36911.3984375,36942.5,36872.25,36909.5,0
^NSEBANK,20210218,09:17,36897.8984375,36913.30078125,36873.1484375,36910.1015625,0
^NSEBANK,20210218,09:18,36914.8984375,36970.1484375,36909.80078125,36934.6015625,0
^NSEBANK,20210218,09:19,36935.30078125,36980.8984375,36920.94921875,36967.0,0
^NSEBANK,20210218,09:20,36974.6484375,37008.44921875,36967.94921875,36984.19921875,0
^NSEBANK,20210218,09:21,36988.80078125,37003.94921875,36957.25,36957.25,0
^NSEBANK,20210218,09:22,36942.25,36944.3984375,36923.55078125,36926.55078125,0
^NSEBANK,20210218,09:23,36934.94921875,36939.25,36895.6484375,36899.75,0
^NSEBANK,20210218,09:24,36898.3984375,36914.5,36894.3984375,36902.69921875,0
^NSEBANK,20210218,09:25,36901.75,36903.30078125,36862.25,36862.25,0
^NSEBANK,20210218,09:26,36863.0,36863.0,36835.19921875,36852.1015625,0
^NSEBANK,20210218,09:27,36847.69921875,36848.1484375,36828.69921875,36828.69921875,0
^NSEBANK,20210218,09:28,36834.5,36856.44921875,36829.1484375,36853.55078125,0
^NSEBANK,20210218,09:29,36851.44921875,36852.44921875,36833.3984375,36837.19921875,0
^NSEBANK,20210218,09:30,36836.6484375,36838.0,36802.44921875,36805.3984375,0
^NSEBANK,20210218,09:31,36803.8984375,36804.30078125,36746.75,36750.75,0
^NSEBANK,20210218,09:32,36748.3515625,36787.0,36745.6015625,36768.8515625,0
^NSEBANK,20210218,09:33,36764.1015625,36791.25,36742.55078125,36786.3984375,0
^NSEBANK,20210218,09:34,36789.19921875,36830.80078125,36786.94921875,36830.80078125,0
^NSEBANK,20210218,09:35,36826.44921875,36828.6015625,36799.19921875,36813.75,0
^NSEBANK,20210218,09:36,36820.5,36865.3515625,36811.1484375,36861.6015625,0
^NSEBANK,20210218,09:37,36863.0,36867.6015625,36835.1484375,36837.6015625,0
^NSEBANK,20210218,09:38,36832.3984375,36839.3984375,36804.05078125,36810.55078125,0
^NSEBANK,20210218,09:39,36809.75,36822.3515625,36807.19921875,36815.69921875,0
^NSEBANK,20210218,09:40,36814.8515625,36816.30078125,36797.19921875,36798.6015625,0
^NSEBANK,20210218,09:41,36798.5,36855.3984375,36794.0,36854.8984375,0
^NSEBANK,20210218,09:42,36860.0,36870.8515625,36853.8984375,36861.55078125,0
^NSEBANK,20210218,09:43,36864.19921875,36865.3984375,36823.6015625,36830.80078125,0
^NSEBANK,20210218,09:44,36829.8515625,36833.1015625,36813.05078125,36813.05078125,0
^NSEBANK,20210218,09:45,36818.0,36840.19921875,36810.8515625,36834.55078125,0
^NSEBANK,20210218,09:46,36835.8515625,36863.44921875,36834.94921875,36840.1484375,0
^NSEBANK,20210218,09:47,36831.6015625,36831.6015625,36816.3515625,36820.1015625,0
^NSEBANK,20210218,09:48,36816.30078125,36829.30078125,36798.6484375,36805.1015625,0
^NSEBANK,20210218,09:49,36799.55078125,36803.3515625,36778.6484375,36796.8515625,0
^NSEBANK,20210218,09:50,36796.1015625,36846.8515625,36796.1015625,36843.8515625,0
^NSEBANK,20210218,09:51,36839.1015625,36856.19921875,36815.3984375,36818.6015625,0
^NSEBANK,20210218,09:52,36819.94921875,36836.19921875,36804.0,36836.19921875,0
^NSEBANK,20210218,09:53,36833.1484375,36838.6015625,36821.0,36838.6015625,0
^NSEBANK,20210218,09:54,36843.19921875,36843.5,36822.44921875,36822.80078125,0
^NSEBANK,20210218,09:55,36826.94921875,36832.69921875,36823.6015625,36831.19921875,0
^NSEBANK,20210218,09:56,36830.80078125,36830.80078125,36809.8515625,36812.80078125,0
^NSEBANK,20210218,09:57,36814.75,36843.1015625,36814.75,36835.80078125,0
^NSEBANK,20210218,09:58,36842.1484375,36855.1484375,36826.94921875,36855.1484375,0
^NSEBANK,20210218,09:59,36859.80078125,36913.1484375,36848.94921875,36900.8984375,0
^NSEBANK,20210218,10:00,36900.30078125,36935.44921875,36900.30078125,36927.5,0
^NSEBANK,20210218,10:01,36932.80078125,36934.30078125,36910.8984375,36923.75,0
^NSEBANK,20210218,10:02,36924.19921875,36928.1484375,36912.8984375,36915.69921875,0
^NSEBANK,20210218,10:03,36918.3515625,36920.44921875,36891.55078125,36901.69921875,0
^NSEBANK,20210218,10:04,36900.3984375,36900.3984375,36863.8984375,36885.94921875,0
^NSEBANK,20210218,10:05,36888.25,36888.25,36844.80078125,36863.19921875,0
^NSEBANK,20210218,10:06,36865.5,36865.5,36832.0,36834.8984375,0
^NSEBANK,20210218,10:07,36838.19921875,36846.94921875,36834.55078125,36837.44921875,0
^NSEBANK,20210218,10:08,36835.94921875,36844.44921875,36832.3515625,36844.19921875,0
^NSEBANK,20210218,10:09,36843.44921875,36845.05078125,36829.69921875,36844.3515625,0
^NSEBANK,20210218,10:10,36838.30078125,36848.94921875,36835.6484375,36838.0,0
^NSEBANK,20210218,10:11,36838.6484375,36842.94921875,36812.55078125,36821.05078125,0
^NSEBANK,20210218,10:12,36817.8984375,36818.44921875,36799.75,36802.0,0
^NSEBANK,20210218,10:13,36799.3515625,36823.1484375,36792.75,36813.6015625,0
^NSEBANK,20210218,10:14,36814.25,36841.8515625,36811.3515625,36839.19921875,0
^NSEBANK,20210218,10:15,36837.25,36837.25,36821.6484375,36825.44921875,0
^NSEBANK,20210218,10:16,36821.25,36821.25,36792.0,36792.0,0
^NSEBANK,20210218,10:17,36793.0,36806.05078125,36778.05078125,36800.44921875,0
^NSEBANK,20210218,10:18,36803.55078125,36813.0,36800.6015625,36812.75,0
^NSEBANK,20210218,10:19,36808.8515625,36825.6015625,36805.69921875,36822.19921875,0
^NSEBANK,20210218,10:20,36815.69921875,36824.94921875,36811.5,36823.0,0
^NSEBANK,20210218,10:21,36821.3515625,36871.3984375,36821.3515625,36871.3984375,0
^NSEBANK,20210218,10:22,36867.8984375,36872.3984375,36858.3515625,36866.1484375,0
^NSEBANK,20210218,10:23,36867.8984375,36871.1484375,36854.8984375,36863.80078125,0
^NSEBANK,20210218,10:24,36862.80078125,36895.19921875,36860.5,36879.0,0
^NSEBANK,20210218,10:25,36880.3984375,36886.94921875,36876.80078125,36877.3515625,0
^NSEBANK,20210218,10:26,36876.94921875,36876.94921875,36856.19921875,36858.8515625,0
^NSEBANK,20210218,10:27,36860.6484375,36870.1484375,36858.1015625,36868.6484375,0
^NSEBANK,20210218,10:28,36869.19921875,36889.8515625,36868.5,36887.1484375,0
^NSEBANK,20210218,10:29,36892.8515625,36940.75,36892.8515625,36917.75,0
^NSEBANK,20210218,10:30,36925.1015625,36935.44921875,36886.0,36899.55078125,0
^NSEBANK,20210218,10:31,36895.8984375,36914.25,36890.1484375,36907.25,0
^NSEBANK,20210218,10:32,36910.0,36929.80078125,36909.69921875,36916.94921875,0
^NSEBANK,20210218,10:33,36922.1484375,36937.19921875,36915.55078125,36929.1484375,0
^NSEBANK,20210218,10:34,36928.8984375,36947.5,36919.30078125,36947.5,0
^NSEBANK,20210218,10:35,36945.05078125,36962.69921875,36925.05078125,36926.6484375,0
^NSEBANK,20210218,10:36,36925.55078125,36927.19921875,36907.75,36915.25,0
^NSEBANK,20210218,10:37,36913.69921875,36927.5,36913.69921875,36920.1015625,0
^NSEBANK,20210218,10:38,36921.6015625,36928.8515625,36912.25,36921.75,0
^NSEBANK,20210218,10:39,36921.25,36935.30078125,36921.25,36926.1484375,0
^NSEBANK,20210218,10:40,36925.3515625,36940.80078125,36917.44921875,36934.80078125,0
^NSEBANK,20210218,10:41,36937.8515625,36949.80078125,36931.3984375,36934.75,0
^NSEBANK,20210218,10:42,36935.75,36955.44921875,36930.55078125,36937.5,0
^NSEBANK,20210218,10:43,36935.55078125,36936.19921875,36921.0,36921.5,0
^NSEBANK,20210218,10:44,36922.1484375,36934.94921875,36916.75,36929.6015625,0
^NSEBANK,20210218,10:45,36929.0,36950.55078125,36925.8515625,36927.5,0
^NSEBANK,20210218,10:46,36923.05078125,36928.80078125,36914.94921875,36919.44921875,0
^NSEBANK,20210218,10:47,36919.75,36954.1484375,36914.05078125,36954.1484375,0
^NSEBANK,20210218,10:48,36953.25,36973.6015625,36948.25,36950.30078125,0
^NSEBANK,20210218,10:49,36947.75,36948.8984375,36923.55078125,36923.8984375,0
^NSEBANK,20210218,10:50,36926.05078125,36939.05078125,36919.80078125,36936.6015625,0
^NSEBANK,20210218,10:51,36936.8984375,36936.8984375,36918.5,36922.80078125,0
^NSEBANK,20210218,10:52,36922.8984375,36923.8515625,36896.3984375,36908.05078125,0
^NSEBANK,20210218,10:53,36903.3515625,36908.1484375,36882.94921875,36886.80078125,0
^NSEBANK,20210218,10:54,36887.05078125,36899.19921875,36886.6015625,36891.0,0
^NSEBANK,20210218,10:55,36891.25,36893.6015625,36875.8515625,36882.25,0
^NSEBANK,20210218,10:56,36883.5,36910.8515625,36882.44921875,36909.25,0
^NSEBANK,20210218,10:57,36909.8515625,36910.8515625,36884.6015625,36888.8984375,0
^NSEBANK,20210218,10:58,36888.05078125,36899.75,36884.8984375,36892.30078125,0
^NSEBANK,20210218,10:59,36892.3984375,36898.8984375,36883.3984375,36898.8984375,0
^NSEBANK,20210218,11:00,36894.05078125,36898.6015625,36885.55078125,36886.75,0
^NSEBANK,20210218,11:01,36886.5,36902.69921875,36886.19921875,36897.69921875,0
^NSEBANK,20210218,11:02,36899.30078125,36901.6015625,36894.8984375,36899.69921875,0
^NSEBANK,20210218,11:03,36900.5,36916.25,36899.8515625,36900.05078125,0
^NSEBANK,20210218,11:04,36901.3515625,36902.19921875,36894.1484375,36897.19921875,0
^NSEBANK,20210218,11:05,36898.8515625,36899.0,36878.30078125,36881.75,0
^NSEBANK,20210218,11:06,36880.75,36886.1484375,36873.19921875,36874.55078125,0
^NSEBANK,20210218,11:07,36872.44921875,36878.3984375,36862.3515625,36872.25,0
^NSEBANK,20210218,11:08,36874.94921875,36881.1015625,36867.19921875,36872.8515625,0
^NSEBANK,20210218,11:09,36874.1484375,36878.30078125,36865.3515625,36868.80078125,0
^NSEBANK,20210218,11:10,36870.75,36879.94921875,36851.44921875,36859.1484375,0
^NSEBANK,20210218,11:11,36857.80078125,36878.8984375,36857.0,36874.3984375,0
^NSEBANK,20210218,11:12,36875.0,36875.44921875,36859.55078125,36860.6484375,0
^NSEBANK,20210218,11:13,36860.3984375,36871.25,36854.3515625,36855.94921875,0
^NSEBANK,20210218,11:14,36854.05078125,36862.5,36842.8515625,36853.0,0
^NSEBANK,20210218,11:15,36852.6484375,36865.1015625,36842.05078125,36844.25,0
^NSEBANK,20210218,11:16,36842.8515625,36852.25,36835.30078125,36847.1015625,0
^NSEBANK,20210218,11:17,36847.5,36848.44921875,36819.19921875,36827.3984375,0
^NSEBANK,20210218,11:18,36835.5,36835.5,36814.1015625,36821.6484375,0
^NSEBANK,20210218,11:19,36821.1484375,36821.1484375,36806.30078125,36806.30078125,0
^NSEBANK,20210218,11:20,36810.80078125,36825.1484375,36805.6015625,36808.1015625,0
^NSEBANK,20210218,11:21,36806.75,36828.8984375,36789.69921875,36828.8984375,0
^NSEBANK,20210218,11:22,36824.94921875,36830.6484375,36816.55078125,36823.44921875,0
^NSEBANK,20210218,11:23,36821.8984375,36826.6015625,36804.05078125,36818.3515625,0
^NSEBANK,20210218,11:24,36819.05078125,36828.3515625,36806.1484375,36806.75,0
^NSEBANK,20210218,11:25,36808.94921875,36814.44921875,36792.5,36811.8515625,0
^NSEBANK,20210218,11:26,36811.94921875,36817.25,36808.75,36810.8984375,0
^NSEBANK,20210218,11:27,36812.44921875,36841.44921875,36792.1484375,36835.05078125,0
^NSEBANK,20210218,11:28,36840.75,36840.75,36820.8515625,36823.5,0
^NSEBANK,20210218,11:29,36818.0,36821.44921875,36776.80078125,36784.3515625,0
^NSEBANK,20210218,11:30,36781.5,36786.3984375,36769.69921875,36777.8984375,0
^NSEBANK,20210218,11:31,36776.05078125,36799.55078125,36776.05078125,36790.75,0
^NSEBANK,20210218,11:32,36791.19921875,36808.3984375,36785.3984375,36804.69921875,0
^NSEBANK,20210218,11:33,36802.8515625,36804.80078125,36770.44921875,36774.1015625,0
^NSEBANK,20210218,11:34,36775.8515625,36775.8515625,36756.75,36761.0,0
^NSEBANK,20210218,11:35,36760.75,36762.8515625,36725.25,36729.1484375,0
^NSEBANK,20210218,11:36,36727.30078125,36730.19921875,36713.25,36717.8515625,0
^NSEBANK,20210218,11:37,36723.8984375,36750.05078125,36713.30078125,36740.19921875,0
^NSEBANK,20210218,11:38,36743.19921875,36755.8515625,36733.69921875,36754.0,0
^NSEBANK,20210218,11:39,36756.30078125,36764.19921875,36746.30078125,36751.75,0
^NSEBANK,20210218,11:40,36751.6484375,36755.25,36725.80078125,36725.80078125,0
^NSEBANK,20210218,11:41,36727.8515625,36743.94921875,36725.69921875,36730.30078125,0
^NSEBANK,20210218,11:42,36729.19921875,36735.25,36704.75,36730.44921875,0
^NSEBANK,20210218,11:43,36730.75,36737.6015625,36717.69921875,36722.6484375,0
^NSEBANK,20210218,11:44,36719.8515625,36722.0,36686.80078125,36686.80078125,0
^NSEBANK,20210218,11:45,36690.94921875,36690.94921875,36651.3515625,36684.3515625,0
^NSEBANK,20210218,11:46,36684.0,36686.6484375,36650.44921875,36668.0,0
^NSEBANK,20210218,11:47,36665.6484375,36676.75,36659.94921875,36671.94921875,0
^NSEBANK,20210218,11:48,36672.8515625,36691.94921875,36672.8515625,36674.8515625,0
^NSEBANK,20210218,11:49,36673.0,36702.3984375,36673.0,36702.30078125,0
^NSEBANK,20210218,11:50,36699.6015625,36727.05078125,36696.5,36710.05078125,0
^NSEBANK,20210218,11:51,36705.3984375,36709.6015625,36698.1015625,36702.75,0
^NSEBANK,20210218,11:52,36702.8515625,36707.44921875,36683.69921875,36689.30078125,0
^NSEBANK,20210218,11:53,36690.30078125,36692.3515625,36680.3515625,36686.19921875,0
^NSEBANK,20210218,11:54,36686.55078125,36714.25,36683.3515625,36699.3984375,0
^NSEBANK,20210218,11:55,36701.30078125,36720.8515625,36695.6015625,36719.44921875,0
^NSEBANK,20210218,11:56,36715.5,36715.5,36694.19921875,36706.8984375,0
^NSEBANK,20210218,11:57,36715.19921875,36730.80078125,36700.94921875,36705.1484375,0
^NSEBANK,20210218,11:58,36702.8515625,36738.94921875,36700.05078125,36738.94921875,0
^NSEBANK,20210218,11:59,36735.3984375,36742.94921875,36725.6015625,36740.1484375,0
^NSEBANK,20210218,12:00,36742.8515625,36743.6015625,36727.8984375,36730.6015625,0
^NSEBANK,20210218,12:01,36726.19921875,36742.05078125,36724.6015625,36731.6015625,0
^NSEBANK,20210218,12:02,36732.5,36732.5,36732.5,36732.5,0
